-1.21060632265858 
0.628601751832395 
-0.250570990292781 
-0.512735845073147 
-0.597789428740695 
-1.56303098072852 
-0.466215717571049 
-2.11020567734239 
0.198095822297452 
2.21327074790837 
3.36615751356027 
1.73196195509514 
0.794305510482459 
-1.15245158889839 
-0.219779149635909 
0.46132927049825 
1.24958059789521 
0.674012489134614 
-2.58517739090632 
-0.155470413096295 
-0.857712274513005 
0.492981811453566 
3.41518087479648 
0.0732834788622923 
-0.42647976599785 
2.77877423141773 
0.817603664737969 
-0.237801187483439 
1.36566703994915 
-0.52619407703312 
2.52673612113725 
1.8154220790376 
0.587317085848211 
0.111172143371119 
0.778628825391556 
0.798839165870371 
-3.88285185983317 
-0.526049693307926 
-1.18809061974353 
0.187022702571715 
0.985110052540113 
4.59953177587358 
-0.183751217095541 
2.64317505916281 
0.837924895146451 
-2.48721961675582 
-0.604993309800884 
-0.481372693290301 
-1.82632131087916 
1.67956222026376 
1.41562353961571 
-1.24626986197129 
-0.762777082028987 
-1.75118501641606 
-0.632845163922925 
0.354550263333553 
0.157859935465589 
-0.0113935885955682 
1.45364774986136 
2.16970065211823 
-0.307358163889242 
0.774146030780035 
0.864636442624281 
-0.155104163827779 
0.0117992130397864 
-1.49508852932832 
-2.31981514817778 
0.992106739616156 
-0.18095236777249 
0.141189902675689 
-1.6505415218445 
1.01126900654449 
-0.444434553861564 
-0.397521394847635 
-0.208852670633463 
1.11262686271411 
0.963495482951858 
-0.205409508332557 
1.3723634914225 
2.42409040702197 
-1.89957964698311 
-1.28675588050999 
0.965956053141179 
-1.14844315474798 
-0.463927092655114 
1.39777452472626 
3.57939786124252 
1.57819537840225 
1.37005862973427 
0.636459016759892 
-0.689727550641613 
0.481450617107798 
-0.853157540918594 
-0.411328546240926 
0.183509172842995 
0.452157179577458 
-1.50062397957466 
0.826938551243845 
-0.072469311895581 
-0.439748785141056 
0.0445431103884989 
4.72380803590291 
-1.55835144901455 
-1.42616589318555 
2.38491577612428 
-0.497412142628431 
0.0203893589211502 
3.52670149619069 
1.69780731935423 
0.365879638021656 
0.253706614036156 
0.251583197425285 
-0.0839755053960818 
-0.338492166500291 
1.53397702581602 
0.702964678425659 
-1.11307692857875 
-1.6155084023658 
-0.0105933312833397 
-1.47664977697461 
-1.46062826171308 
0.921615410601861 
0.917921297786395 
1.96885348907011 
1.85006609135277 
0.904291812705647 
-0.0873208592192576 
0.413608742142142 
-0.159335023239173 
0.0914726446839532 
1.0137751018635 
1.05336111270621 
-1.29944398433473 
0.874536261808726 
-0.520161478874123 
0.798091525854236 
-0.291009338660729 
1.41378294803554 
-1.50059848135075 
-1.83539757652281 
0.024136132868215 
-0.436211819998009 
1.07697545220427 
-2.20436628399463 
-1.05927961890779 
1.43351663288364 
1.66403022150801 
-2.15272325282828 
0.689818335069291 
-0.191791727954415 
0.322422287837156 
1.23234143849404 
0.686754031022411 
1.24379322204319 
2.0647572588612 
-0.490673788274834 
-2.04140986613013 
1.4415560180769 
0.746295876694943 
-1.63540320058081 
1.10071388664851 
-1.00996897503141 
1.25408809126895 
1.345058918998 
1.70407897444836 
-0.176600926810232 
-0.539935272453933 
-1.33818892707033 
-3.39399246131067 
-0.959966454546511 
1.06310788045301 
0.56832546444426 
-0.225140463029691 
-1.26392928984459 
0.499601448833337 
-0.116773807734806 
0.786171795851826 
-0.840417666156083 
0.782459156887191 
-0.58454600212668 
-0.566512819298503 
0.229134400691539 
0.368528291330158 
-1.30507676507892 
1.01739864716748 
1.49272349873962 
-1.90123763500891 
0.5870876467296 
-0.142497325484825 
2.13683629626904 
-1.54585956991464 
-2.08235033940518 
-1.05864862741845 
1.44366680803514 
3.57799893524639 
0.406210961959233 
-0.173505212890575 
-0.984657650647091 
-3.03502368496338 
0.324949077833549 
1.20647746436146 
-0.259315313528574 
1.40840027685413 
-0.811601895858731 
1.62144247225188 
-0.752942030436536 
0.111056369524527 
1.73280221122478 
1.61390140317578 
-0.27698542733801 
0.390266822097107 
-2.48897273456654 
-0.0669757929517085 
-1.27465536714157 
-0.480426401819044 
-0.00138603574567031 
2.60015601738859 
2.23034786276874 
0.527128774183438 
-0.0734221534868168 
-0.266435101390591 
-0.551379795086132 
1.3049306700243 
-0.649586834776615 
-0.332581870052184 
0.297353600521099 
1.49020882310967 
-1.23152073608061 
0.661432582891351 
0.136538413651616 
-0.419045490308303 
1.18184034102541 
-0.842970988507718 
0.119136603534416 
1.25214874778648 
3.16449324766521 
0.3006588309608 
0.771885935901315 
-0.183126721840742 
-1.716471261056 
0.87142803295837 
-0.0446035587890319 
0.828710623338246 
-0.280669463936062 
0.918109183781827 
-1.97771769987182 
-0.69951121678844 
1.19663984861444 
-1.59875074547971 
-1.1580749511829 
-1.78547512139646 
0.52376493094656 
0.386820818957552 
-0.462211523267366 
-1.72464580034359 
0.260476444417891 
-2.61474498490677 
-2.08614066590023 
-1.05670579627231 
0.113257784553887 
1.92804277390894 
0.594775199885826 
1.11876908308439 
-0.342452037229978 
-0.744503357366424 
-2.42325148368281 
0.513051490454424 
1.75093740925252 
0.777499649605156 
-1.56532517379539 
-1.65104491670589 
-0.58516585336608 
2.51919348208338 
-0.211842093368636 
1.44413511491311 
0.250764330140659 
1.44389303335021 
0.543771458769788 
-1.06404350483917 
-1.67709174647469 
1.14483220193127 
0.123398121387428 
-1.1406837152734 
1.6293132286806 
-0.25479732635045 
1.13664192179664 
1.28551103884577 
-0.333030410108137 
-1.60917598998512 
0.491096053369799 
-1.24892664450911 
-1.26473686020085 
1.07029505409284 
-1.69250051198747 
-0.207780637578792 
-0.738279177555017 
3.09909862405185 
-1.60348262343453 
0.554660715767539 
-2.50392919561432 
0.382057692857641 
-0.0169412296777274 
-1.36411529444922 
-0.632271764899249 
0.0689121828155548 
0.114330601464066 
-1.6970220309993 
2.63566051051281 
0.242440209353729 
0.802800864356259 
2.85525636970822 
1.31167538126289 
0.343470958631574 
0.0627077743208088 
0.0657414868732695 
0.777572968788778 
1.63903788436615 
1.64675743579085 
-0.773652375981085 
0.0502431942471832 
-2.75319402243368 
-0.91586549133656 
-0.550551946431121 
2.1637595595487 
-0.243413205000997 
-0.64644806605149 
-1.99948910964497 
0.779337729256707 
-0.447104107292262 
0.427871722638463 
-0.1270626624889 
1.98418587598998 
-0.792861554551051 
1.49725244652669 
0.358024797431134 
-1.32129529239847 
0.154859925648805 
0.891557982750136 
-1.74525745183275 
-0.888526381219788 
-0.569684877744889 
-4.30638891045661 
1.60446832713434 
-0.910801897525513 
-1.19165910320953 
-0.706291916372351 
0.297370032223655 
-1.36598877649269 
1.57882597582249 
2.39894429350704 
-0.466627078951154 
-2.36540784680398 
-1.28322794348464 
0.183145833478374 
0.738049906254461 
1.69092992880957 
-2.47803022298894 
-2.28980083207211 
0.172932545356832 
-0.0950957339509905 
0.625129020993777 
1.55495399169214 
2.89966684396763 
-0.779321823043129 
-0.174593041926202 
1.07196428166479 
-2.47969084675242 
-0.135750266679893 
-1.35662907026097 
0.986591679387348 
0.992167064567407 
-1.39514274511376 
0.957631988974302 
0.0424160588870549 
-1.83668193055306 
2.22876676700477 
-0.58014101380351 
1.32168073378402 
-0.765245037865645 
-1.3868217706709 
0.0565223901830109 
-0.682972704173649 
-0.614909509674286 
-0.0996328143048229 
0.00293722617390579 
-0.796074043525816 
0.975617625102962 
1.21180251134689 
1.45018827492482 
0.832422354914581 
-1.71139526901872 
1.21144976364081 
-0.509265131007523 
-0.63913531979001 
0.462174912190281 
-2.75320781277304 
1.32665068668965 
1.67892114522533 
1.05785289086535 
0.654294772735306 
0.0381420221662691 
0.31741701587991 
1.02997600025844 
0.907477097491367 
2.92642537403216 
0.498571058306725 
-2.64706379769154 
1.43065156885566 
1.79428149624258 
1.64625620658328 
-1.10314485068074 
1.59735323366498 
-0.370382401624484 
0.894569566926715 
1.01119677543204 
3.01659732450735 
-0.715176062999864 
2.81673398165051 
0.557028165213638 
1.27343625778124 
1.37178806252726 
1.78017380389993 
-1.05429029982953 
0.242056975851179 
-2.03675377002787 
1.51771660357632 
-1.52040806678846 
-0.335427879507581 
-0.950693614253008 
-0.440373080767154 
3.29714078275007 
1.62445838150837 
0.903468184925601 
0.0137045505638971 
0.250112296239972 
-0.303752090868114 
-2.03960112501308 
-0.236290333386938 
0.464369494046589 
2.05831013967773 
0.192973919465193 
0.244278399079406 
-0.0562216373123534 
1.90376821992125 
-1.13702451174381 
0.1569060503219 
2.24279236087119 
-1.06006976082503 
1.4953067540045 
-3.1079732614118 
0.483783722002119 
-0.0527355925385949 
2.33443853132608 
-1.39099483148606 
0.346923818100583 
-1.00065364963831 
-0.341290286301623 
2.3825635177501 
-0.813474335380942 
-0.880706538213932 
-1.65370752798258 
-0.0444317377240007 
-2.84917424282128 
-3.02328174271353 
-1.07753472602989 
-1.15818414943517 
-0.680024109183158 
0.397232438562384 
-0.351281876483617 
-2.23193551623531 
0.457353998531551 
-0.620344234095811 
0.233546094720585 
2.8858632200432 
-1.06629498057333 
-0.687757050662648 
-0.906574551030655 
0.93749250619733 
0.822892634681031 
0.24394379885023 
-0.180880912234741 
-0.681289420656512 
0.578523094260355 
-1.8311498307998 
-2.31428824838282 
2.12891964967056 
-0.170339760268324 
1.10817975753548 
1.6298813174954 
-1.1815906242979 
-1.05073732547526 
2.00023907202703 
0.892149813338217 
-2.58024901297008 
0.568565826953087 
-0.3830342874633 
-0.849897593848631 
-2.49346950143105 
-0.273191461506899 
-0.626449730374276 
2.78788356119342 
-0.111014398338241 
-1.28813537604986 
-1.91961111025171 
0.491558574286641 
-0.126865530265835 
-1.37035047418803 
0.370029222652379 
-0.489183158957672 
0.771196144827244 
0.289814187780836 
-0.265027450347259 
1.12935533071945 
0.229062175355906 
0.387269483290134 
-1.22086362448015 
0.360061556424616 
0.466255119971483 
-0.0240874560496538 
2.13472308283979 
1.4729620675457 
-0.545290805646069 
-0.496927907132606 
0.0462407968538508 
-1.77800899096313 
0.407027323971916 
-1.04071933782186 
2.08274906846319 
1.78760640951622 
1.47362014584739 
0.542340047793257 
-1.58844414288248 
-0.00229889874630462 
1.83015308605933 
1.73965484989504 
-0.826954694817094 
0.867578379171708 
0.108557164061516 
2.98235162603874 
-2.4720329007992 
-0.0381198298702088 
-0.920413464780715 
-2.43464681465399 
-0.160834251402428 
-0.46111268499207 
-0.252566035569635 
-0.759178856406954 
0.466808380089743 
1.41681535972356 
-0.444560944586701 
0.886799011696264 
2.28204062466128 
0.97217860128917 
-0.492079728625286 
-1.28480687244585 
-1.8562424963586 
0.916813647697809 
0.464996322702415 
-0.843741198041938 
1.04455504534014 
-0.888767645294367 
0.106291839045524 
0.54398495125559 
3.01344831499697 
-2.20518942889706 
-1.46644618325682 
1.6557177490201 
-0.305641218077518 
0.333121215314658 
-0.692362232922914 
0.826218693223797 
-0.387922172354771 
0.188029860420659 
1.38852756213221 
-1.75705964838175 
-0.32707460354304 
-1.27237538196711 
-0.556396446617434 
0.236705298711183 
-3.41974134205127 
1.1760309216412 
-0.602800021262173 
0.166032196527972 
-3.11135698222984 
0.456560374106635 
-0.229089326168858 
1.45787490138725 
-0.459883943341785 
-1.04254988814861 
-1.09901625991717 
-0.205397222107378 
-0.0815746716349208 
1.56799863404467 
0.583150557220484 
-1.47471579395729 
1.00721060422806 
-0.189085582850905 
-0.0687597687434685 
1.79634984884099 
-1.1559351448337 
-0.94995698542615 
0.29700448061117 
-0.225172461304659 
-0.40037417365989 
-0.836286503734594 
2.06300217443501 
1.31530748148999 
-0.100124792699665 
-2.87261213419023 
-0.614857797689478 
0.985601809136739 
0.282462781898038 
-0.641259913396804 
-1.39856240365274 
1.1586002773629 
0.72588218343648 
-2.69631761482118 
-1.01543515421215 
-0.880222930397843 
-1.99841362456388 
1.18904049228132 
-2.14054041020014 
0.0355834848181499 
0.301451198934334 
1.34386404962181 
0.782980837966316 
1.2148975808734 
0.621963176157257 
-1.38652444044411 
-1.30371635832558 
0.113691717204725 
-1.14534309815723 
2.18127938092695 
1.10414090828917 
-1.58628616841611 
-1.15819207159707 
1.01740152387501 
0.706441800015027 
-2.83395472100971 
2.43531496257517 
-0.446553676098074 
0.680677379941231 
0.602033064623481 
-1.51860038611253 
0.633191547839509 
-0.065300083675837 
-0.958059323066555 
1.47137219948337 
0.80550294312175 
0.956763208915332 
-0.568175888586195 
-0.109637256970866 
0.731433446971757 
2.01348567992269 
-1.73274011766251 
-0.57546569474385 
1.16976620307389 
1.21049910004718 
-1.37903043893304 
0.340916798368106 
0.690802365814011 
-0.164329520460365 
-0.277416194667834 
0.90809658019337 
1.46287165759728 
1.9062324062357 
-0.0680576547619915 
-0.864417135187436 
-0.954068886829408 
2.23700305807786 
0.137912309293785 
0.0834769021186593 
-0.487134816873747 
-0.132069166149433 
0.104916089238472 
-2.10480464454947 
-2.09936414324309 
0.505771916393016 
-5.04089595551461 
0.441609512596099 
-1.10549005085875 
-1.27266031439172 
0.129476157375743 
0.636573027879049 
3.01512553803092 
-0.615940637648082 
2.55313233233455 
0.846822769832898 
-1.49722881779628 
-0.561283518574659 
0.499585032345875 
0.604112495361211 
-0.838560097894537 
1.17010970808156 
3.55859906835929 
0.215313181761719 
0.821669820419716 
1.09538873265188 
-1.6782215492089 
0.965675837124262 
-0.676299024249347 
0.503914945453974 
-1.75956959224013 
-0.878717366073515 
1.63185650189755 
0.259217784968893 
-1.38278784191362 
1.09022675094821 
-0.0524478031356423 
0.438393230777914 
-1.98701540387773 
-0.554774442725568 
1.8728568022188 
-0.470958997791259 
1.63072524442133 
-1.40433860653233 
0.392543526852629 
1.11699906135608 
-0.348679415297652 
1.34205477152728 
-0.70926693395332 
0.395289807736849 
-1.68616149744968 
-0.86198717956754 
0.520455333757235 
-3.68446670368082 
0.618297227801991 
0.854615958037302 
-0.0201167634879571 
0.244812745255287 
2.80847477802942 
-0.726233242858523 
0.792802582043957 
2.24472547533642 
2.07214466191658 
-0.658655890327119 
-0.646006380491685 
0.386203750698834 
0.834541227296247 
0.102058057873782 
0.55921568427123 
1.15639762767158 
0.244045744738699 
-1.82874366545436 
0.348210884263062 
1.64655621566065 
0.765505144279085 
1.25005263637184 
-0.575484369889078 
0.228421491895589 
1.45563579473136 
0.38157580596498 
-0.795103379346752 
1.06845610763421 
2.34481383857778 
-0.701150905705583 
-0.510939233483608 
-0.095029232526018 
2.15205254665978 
-1.17446379552506 
-0.836761569082166 
-0.677558933804949 
-1.3707662879334 
-2.01519979475548 
-0.279606974220617 
0.273896559243463 
-2.47128009003482 
0.0879492377893625 
1.21209418125556 
1.94641002011684 
0.90120288350585 
0.264729105591798 
-1.48287373440645 
-2.19024846682994 
-3.11425304729018 
0.38411910663496 
-1.56589200217459 
3.71648005399275 
-0.574837581950262 
0.395893066135492 
-0.10403875434688 
0.592674990632655 
-0.373294252785054 
1.21417359329055 
0.138487479449964 
1.50988752980276 
-0.482333641808656 
-2.81718183414527 
-0.801790830822824 
-0.720416933811059 
0.950796524664257 
1.71826503672409 
0.275985647980876 
-2.03872893167531 
0.590406279296707 
0.751555443489702 
-0.274005197698461 
-1.27142236568783 
-0.263557569379859 
0.859360023826073 
3.16555959849318 
-0.219649934043823 
1.24287197002958 
-1.09882337122069 
-0.459268556077615 
-0.0989847259289417 
-0.143561094277517 
-2.55578488941717 
-0.160761952271186 
0.573849927118218 
1.79379048705014 
1.04374994604189 
-0.483059421104805 
-0.819756270737247 
1.03339414931123 
-2.14035909814328 
0.678962274898288 
0.680606774585168 
1.43969093591145 
1.26210807445053 
1.92287307533827 
-1.02379282855426 
0.798588837307177 
1.38421014655862 
0.882535875238355 
-0.846470873505374 
0.2493072008582 
-1.6594827129874 
0.662367061223599 
0.766215070957945 
0.32218112917696 
-1.36851632998171 
-1.92004157636379 
1.30548110559922 
-1.16683553807756 
-1.14765668762944 
-0.297621575274623 
-0.381199238165867 
-1.82760183809226 
-1.06151736646411 
-1.05722376801433 
-1.05983510417064 
-0.928014854520313 
1.97473835411907 
1.96358361708041 
-1.77609949469647 
0.345451573616861 
1.60142110406197 
-1.07881998776335 
-1.63464350021399 
0.186374544343508 
1.28767252629182 
0.312616958236225 
0.753166133006717 
0.609398140169654 
-0.368023176536634 
-0.632789474594085 
-0.0554467102588988 
0.0900379980232746 
1.02036874369198 
-0.192703493801969 
-1.84141562147272 
2.73738271686845 
-1.41457180861426 
-1.828989670437 
0.102089113976386 
0.660951447834124 
-2.48572268291446 
2.21825058630071 
-0.294694890542871 
0.353862908458505 
0.281127641734026 
-2.04752428488457 
-3.04678909902229 
1.49132310098838 
0.716242238705523 
1.09095479491454 
-2.06968930013897 
1.24393650476676 
1.84790443575225 
-2.08424379565345 
0.342148378497626 
-0.423888620052776 
0.458551751812259 
-1.46495212308389 
-0.768919630499665 
1.61916293476014 
1.6241202359122 
-1.10792264994725 
-0.130530203378414 
0.801585468674598 
-0.489298058182342 
-0.123457503696634 
0.154900690568071 
1.85193843876675 
0.16655055815612 
0.0270212024182976 
2.07335690621652 
-2.38139260960368 
1.45306646129863 
0.397475745742476 
0.0360260453527428 
-2.61587139713973 
-1.12934026754994 
-1.21005322436136 
-0.917819681215999 
-0.41209656764224 
-0.56428048402696 
-2.35517769183401 
-2.31272031137833 
1.31420955436325 
0.30790924177755 
1.21223601006158 
0.943729582144617 
-0.125655154961706 
0.065925109853859 
-0.793249144912855 
2.64085371212984 
-0.973783513854493 
-2.85662570900384 
0.00141581463261992 
0.330805383217426 
-2.32303666867198 
-1.77023503817879 
1.42340384659831 
-0.0787700768500158 
-0.0811968739386403 
-0.124857081202594 
-0.619153488085878 
0.259072245131894 
-0.837934117296543 
0.329671529560261 
0.4397819477948 
-0.440369739809484 
0.528723129190269 
1.44165311286784 
1.14297608885481 
0.611858990514351 
1.32125571674831 
-3.04277121914066 
-0.438071849131415 
0.775308066187257 
-0.0912575704641934 
-1.01586386999855 
1.61032659899685 
-0.0285485660185795 
1.58463386207068 
1.22921375134624 
0.688979784491546 
-0.0389962979662607 
1.38949728412028 
1.51391813488855 
1.30933122913405 
0.280815753117469 
-1.09937995403207 
0.465729162890221 
0.93287985604749 
0.454452005767596 
-0.590532654175438 
-1.0148897238501 
-1.21994134223267 
-1.27481464219052 
-1.80899493133439 
0.527583837491377 
-1.13232766183233 
-0.926958121698682 
1.69435616443518 
2.54879889326791 
0.861739554335364 
0.344244183222134 
-0.827589037083725 
0.616345727594712 
0.215054329963243 
-1.17424095529474 
1.34918778651266 
-0.234957061196864 
-2.84306395207183 
-0.502218272890155 
0.780316510399121 
1.06324445814722 
2.36160850546621 
-0.610286659277602 
-0.825036732943203 
1.29247321062797 
-0.402959198972459 
0.0655808312116543 
1.58767123826011 
-3.73764385090287 
-3.67040662387907 
-1.92449729580674 
-0.633095882693788 
-2.33414313920139 
0.248264532372324 
-0.574146601690001 
0.582364999333337 
0.647501172350179 
-0.116974217610807 
2.10211380203198 
0.624167699016975 
0.274017171263239 
