-1.10186572946885 
-0.309717404282201 
0.0339667547590912 
1.17847306071082 
-0.278502493877984 
-0.730005328882106 
-0.90434038309723 
-0.550640561345593 
-0.441225237096299 
0.0849883751498453 
-2.31432061446902 
-0.618403818772604 
-1.25435213171301 
-1.32278371579535 
3.12669929759031 
0.244093578520318 
0.590571296327852 
0.426671030170646 
2.67107794593391 
1.30866639082282 
1.53779350684665 
1.0780762086683 
-0.675242964340685 
1.0856160857642 
-3.69964860840906 
-1.91083560875056 
-0.454006987170035 
0.893896279670129 
-3.90678265127045 
-2.322222451958 
0.842688759289278 
-0.139454993335672 
2.84060314424186 
0.569873301397011 
-1.48266421717629 
-0.383793380000181 
-0.843062978290541 
-0.478474512989421 
0.235231670268399 
-0.168750525043973 
-0.375076433740346 
-0.596660713427802 
1.33928071652903 
-0.0880838644373196 
-1.59743834995513 
0.116996547108742 
-1.75689899888752 
-0.743455051745148 
0.939497163428736 
4.49056253046659 
1.20995862646119 
-0.784719463204037 
-0.843263289149222 
-0.894254292706996 
0.884168809660522 
2.61020662950057 
0.913993769416566 
0.885747602990413 
-1.25201555207794 
-2.69219473530776 
-1.94133147225993 
-2.90458578640158 
-2.20739797788001 
-1.55138670748706 
-1.96087329959792 
-1.33762629713927 
0.776331341946445 
-2.63042574274496 
0.505025240247423 
0.351568940980468 
-0.990061886538132 
2.46001580229486 
-0.800560484372339 
1.83169402183141 
-0.683731579105703 
2.04209292660034 
2.28505535571331 
-0.91118912341078 
1.10059394844979 
0.231590179045222 
1.19800759038781 
0.853878716580642 
0.95860426590474 
1.79291911142591 
0.263168934924279 
0.0715161294619922 
-3.50547409147293 
2.78047046624017 
-0.338053912473228 
0.384756903975758 
0.924461487803638 
-0.734922631958463 
1.22424159098681 
2.79873272030159 
0.951553542303564 
1.5873302326487 
-2.31237124681912 
0.453045273205437 
-2.03541071192442 
-2.17073071543085 
-0.445501609854995 
0.893278956679572 
-0.678105731898847 
0.711441496175186 
-0.583564571011145 
0.425079359428448 
2.03717709724361 
-0.908716376506701 
1.60685275176731 
-0.8956656876907 
3.33589298182655 
-0.511369914726086 
-1.50645562696981 
-0.0504265521611365 
0.221047701568782 
2.70762612198965 
-0.0129065478620411 
-0.0724318029253037 
-0.448629474322924 
-0.990179208296513 
0.636885539341073 
-2.4893514646176 
-2.2197821380641 
-0.36790655015805 
2.03010821947416 
-0.249585431506929 
-0.738225705937587 
2.9968809392111 
-0.167485521016424 
0.56114171833298 
2.2158761271632 
-1.30983760486113 
-1.22447279944155 
1.36241379472773 
0.817291924365988 
-1.41095387775396 
-1.02999065556366 
0.760622001620445 
-0.746750095952297 
-0.17959832350348 
-1.8747359529315 
1.35619488754862 
-0.598441402673448 
-2.01412097835608 
1.53688072970598 
-1.923757290312 
-3.25342077472195 
1.69454561460709 
2.36288955091455 
-0.246431659671806 
0.45884996310813 
-1.52678885084756 
-1.43744391795427 
-0.137080477168666 
-3.79999354414518 
2.32895404129867 
-0.627458013685655 
1.41064618573301 
-2.07696272672306 
-1.94316631010034 
-0.542263731257378 
0.739622677485206 
0.919252517435029 
1.18874211507851 
-2.85489077086479 
1.02350352810174 
0.90565988758319 
0.0501488635367672 
-1.08236169580772 
-0.590912100250023 
1.92193479880131 
-0.602891362559281 
-3.89713290730543 
-0.439626797946584 
-0.450788698980346 
-0.00468873155641283 
2.07818883489159 
2.05500967563508 
-0.236369230943457 
-1.65039790997912 
-1.65301362242092 
0.829084868691567 
-1.37941370061618 
1.93337760860349 
-0.605362084323666 
0.290869947964282 
-0.770554913502153 
0.0433959980496981 
-1.23282362275462 
-1.37769670941093 
-0.638421340346793 
-1.04765650795744 
1.58571039479179 
1.16463776495801 
-0.8061012302991 
1.49707919642181 
1.34154438395696 
-0.229488121532382 
2.01272910363372 
0.890414348257715 
-0.0352153265862817 
0.834222850284588 
-0.236134194684404 
2.94524220360065 
0.266894573165101 
-0.615964968010023 
1.67433887252749 
1.06076127413715 
-1.81985485364639 
1.33507222306054 
0.621745708976844 
0.928212216723996 
0.0926219051216602 
1.57769336084841 
-1.1795662896893 
-1.0788830646789 
0.613016328544533 
0.148410455972154 
0.18923489758154 
-1.04421043990146 
-0.659138748978207 
-2.27378637043194 
0.372869717822983 
0.280801682845308 
0.756102784868583 
0.610381858554135 
-0.301086776164087 
-0.924205020478498 
-0.724447526980078 
1.13705540236637 
-1.45352368547722 
5.03802628492697 
0.663046882632931 
-4.00390936778077 
0.976728641342909 
-0.951755488397964 
0.0477051461051714 
0.73630051727166 
-1.59374509163977 
1.76844880733323 
1.36520079901998 
0.41362785578923 
-0.544229440134575 
1.31912393671787 
-0.0522935101367468 
1.59044168254488 
0.0887269191800645 
-2.27809010566977 
1.25169602515767 
-1.804342426069 
0.26701843864045 
-0.415635815892808 
0.263319816140715 
-0.909191004151837 
-2.36038966189375 
1.33428541577166 
-0.613141555453937 
2.33059439565475 
0.0800718179063477 
0.489924701723949 
-0.0391370198704667 
-1.19412512204876 
-1.73674526005791 
-0.486759453839813 
1.1577863464347 
0.305700582126321 
1.16570926622954 
-0.880083235353448 
1.06965906654867 
0.688085516632932 
-0.878837387004578 
1.81350190642151 
0.0423873315788539 
2.00930948959753 
-0.400824779007654 
1.76201571694212 
0.243875469697631 
1.40611721369195 
-2.21836445571094 
-0.54913575104736 
1.21516100526811 
0.577221116193115 
-0.212894643773353 
1.92068770159783 
0.15180553043648 
0.50530224685627 
0.0578348487129604 
0.507670678304133 
0.995779587504049 
-0.0711924871759623 
1.40927835561632 
-0.668351521511279 
-0.0940758596878242 
0.1508635620743 
0.0485278082067101 
2.14175563879985 
0.109503559969988 
0.268996048491587 
-1.97714121183894 
0.418949243299404 
0.486899904970438 
-0.790497822645608 
0.6620244072088 
-2.34908935742931 
-0.54497926676264 
-1.62769173007228 
0.253295496780085 
-1.45918825923 
-0.085243492620797 
-2.48343370334928 
3.01437709821489 
2.68072840987032 
-1.06748315469098 
1.74702535136369 
0.00724805440796991 
-1.62399849333637 
-1.09075791199448 
-0.922216534185272 
-0.875572525052881 
0.481346891906953 
0.742797974268788 
1.42819635859243 
0.611819410986997 
1.22913238675674 
0.838035565362767 
4.43077523968788 
1.91160275656678 
1.26139986233634 
-1.08882123773145 
-0.604818979791811 
1.03978895566412 
2.26276702031353 
-3.45639593997776 
-0.588688494761425 
-1.63577101523978 
1.06112504366713 
1.35125498169233 
1.41713167093657 
-1.45085943042233 
-1.1568216056872 
0.877348048473513 
-0.323646216587503 
2.78668999058767 
1.34313578470341 
3.80786973340195 
-0.993129572535538 
-0.394860538350607 
-1.82101515372506 
0.265499103537259 
-0.968181454912625 
-0.369368584775323 
-1.42119917508296 
-0.183269000068863 
-0.986523200130848 
-1.31420012306563 
-1.85706083702221 
-0.875505347884307 
0.651748644538849 
2.11973672009775 
1.79656478609119 
0.983418502001205 
-0.486019452336895 
0.434226781477031 
-0.660468131601909 
-0.161295402619273 
-3.49812894461139 
-0.551076438283042 
0.857276423550759 
0.272004318545916 
-1.46341774888164 
0.534625232039119 
-1.41364850542005 
-1.40256260606881 
1.54398611228264 
0.807435741560737 
1.03225967716383 
1.74293209073182 
0.594628278376139 
0.637694768823983 
-2.09612961674816 
1.79513954273327 
0.50842784265828 
2.14219186482785 
-0.850057442877568 
-0.41338254390083 
-1.05391867403308 
-0.89715925751618 
1.53966692493968 
0.496521954015681 
1.05522428396893 
-0.099026304246377 
3.33125400383011 
2.02225110139842 
0.103667343589599 
-0.371528906938834 
-1.89684542099767 
-2.58648862299779 
-0.998618188902544 
0.816130147091593 
-0.729127799656643 
0.141975834468903 
0.442630377991457 
-1.82823656101278 
2.57712450973419 
-0.232812384121172 
-0.163832434766437 
-2.59585153148621 
0.514133688840361 
-0.348924410635265 
0.458401742011135 
-2.86471845705076 
0.729174491487588 
-1.37469299074158 
-0.20369320109647 
-0.325581698839233 
1.46520759593258 
-1.05201267290153 
-1.66921073969574 
-1.39507947491433 
-0.91175782441922 
1.03869603739254 
-1.16941403234916 
-2.96449279620303 
-0.864352280288672 
-1.30437839232376 
0.36645079996217 
-0.248856139180615 
1.27609467760729 
0.171613269123715 
1.43819322379892 
-1.22100734415838 
-0.432578966467491 
-4.05530001520555 
0.992689366233945 
-0.217533156544022 
2.18318437344958 
0.191798570396366 
2.26860018715359 
-2.17917725186502 
0.268692401282129 
-1.22377521228458 
1.13800279982511 
-0.770337928321624 
0.413411278887803 
-0.395370066399807 
-0.886038948054023 
-0.944299897870329 
-0.849908974665925 
0.668769828859522 
1.50561067613062 
-0.780937916689734 
-0.734815768529411 
0.916125025541449 
1.09039042606575 
1.57504682212752 
0.988617724893844 
2.07026710947091 
0.684217800767369 
-1.07813712601853 
-0.122832376263661 
1.55844170364095 
0.482542095309138 
-1.86875828952357 
2.54572543461109 
-0.690945281473461 
0.0122059697055423 
0.170614216213535 
0.373336555277961 
0.726419504363168 
1.79198595231372 
-0.562136475514535 
0.912139436218418 
-0.17155261848517 
3.7966035805978 
0.360785146691642 
-1.91271660214696 
1.58706695056284 
2.14033157361882 
1.60011558459898 
-0.865255207126393 
-0.74017841027476 
-2.43589651361517 
1.09786186915717 
0.513326222255683 
0.396080734365822 
0.00120039278378065 
-0.547000736590628 
-1.02830205600556 
-1.55105983787312 
-0.0488427304572343 
-0.681268208492709 
1.77438773736656 
-0.0719881815253904 
1.12587677596844 
0.632472175404518 
-0.576984331950271 
-0.0451470536188363 
-0.390036235844288 
0.247671565428135 
0.141524602834637 
0.29361885474269 
-0.579641520181606 
-1.98963555091793 
1.49210273757148 
2.02824951964583 
0.547453389942404 
-0.0812079035590845 
0.343995135942987 
-1.79819059518208 
-0.556364324879317 
-0.451360847338203 
3.97215993549724 
-0.407446471487893 
1.957732126979 
-0.162620495613639 
0.738460034726479 
0.151613675623912 
-0.384337193731992 
2.31945923239358 
1.67881150740861 
0.160575826589686 
-1.49243939917758 
-1.71515037830403 
0.139660554765306 
-0.827264841608178 
-0.302575489469835 
0.865976186203645 
1.06944711010413 
2.54070131163786 
1.10620987910428 
0.297655841963708 
-0.328656943983758 
1.82426452117664 
-1.58390700034186 
3.65609636760787 
0.772295555213134 
-1.918348217435 
0.625256844699561 
0.483170086309585 
0.0229778507272825 
-0.850014466651437 
-2.54916928375668 
0.816234424489709 
0.80171974899782 
0.696504800376692 
-0.421266841261831 
0.820323416019009 
1.41266556286492 
0.602944599334416 
0.947775378081456 
0.964791144541441 
0.110288932776729 
1.06543651811862 
-0.889517773238379 
-0.233950538489664 
0.297491577742659 
-1.32925092255274 
-0.524257675745723 
1.64872980721587 
-0.659669905001008 
-1.60510731893534 
-1.00040941153694 
0.0255754410087717 
0.868439063652406 
1.06838537514142 
0.0991901681784604 
2.87262956986957 
-1.35638357926032 
-1.12627354819414 
-1.75062446927347 
-0.429602438127365 
-0.330909427602627 
-0.848463351262215 
0.18562379928024 
-2.84073309997269 
2.40400310040891 
-1.65878124665848 
1.32130980902803 
-2.61858584940083 
-0.141196129400294 
-0.405652806017888 
-0.865895020726299 
0.708933597012773 
1.77974643569755 
-0.517088154720001 
-2.26408291893028 
-1.47491790668188 
-0.517646467587708 
-2.24231380327664 
0.934819101710241 
-0.752948840675795 
-1.33596989594663 
0.263646072059531 
0.470071179592095 
-0.931213266147548 
-1.48001552777311 
-1.92380011942614 
0.528497744401149 
0.717803222583891 
-0.772740435619997 
-1.69151702430649 
-0.835238405005546 
2.47488812242076 
3.69124536648293 
-0.63336649568202 
-0.908653238052021 
-3.44098528001314 
-1.01843578451782 
0.275864224592409 
1.36674720321124 
0.278560031103077 
-0.580636514182605 
1.14557320366912 
-0.145564722251982 
0.933141435137827 
0.417326809893937 
1.45450538475761 
0.151770444654171 
0.308668770165701 
-0.725402829171988 
0.303454245138087 
0.715198746652849 
-0.552683028082765 
-1.28817846188802 
0.55764511589355 
-0.792409556693844 
0.587777760604338 
0.574345184555122 
-0.340451545395311 
-1.74578982920462 
-1.20195727764307 
-1.13301475324947 
0.0167930643257453 
-0.954409396616799 
0.685753256626637 
2.11721446987455 
0.279991632817753 
2.77366567190709 
-0.0492685481158647 
1.46446617081553 
-0.74794908847217 
-2.6691665659898 
0.380175168729544 
0.791116150267011 
2.1704507746945 
-1.26622910531624 
0.843721392572025 
2.47725870234176 
2.0209503841129 
-2.75622971733107 
-1.38273573018317 
1.32723298441078 
-1.95686606851468 
-1.47471905782029 
-0.244727788293583 
-1.44755246376487 
0.531759039129956 
0.919011764590717 
-1.2381707351179 
-1.10980444698708 
1.3895462793131 
0.0162101987316629 
-0.464649956560047 
-1.03505098193091 
-1.20408745923184 
0.573604363336171 
1.53289039621863 
0.38167015047298 
0.932853867345327 
1.69934899343345 
1.33558455248262 
-0.911822774579395 
-0.057041818091274 
-0.726516802632311 
0.209773445380096 
-1.31696625792012 
-0.406274007175864 
-0.621023646047313 
3.31514062671916 
1.38478221285558 
0.179370219176855 
2.17081825185717 
0.641892190934598 
0.381791191917236 
0.88376765044995 
0.0504356379383056 
0.490525253269175 
1.71704329922903 
1.13846530199861 
-0.932547276440214 
2.10992508952448 
1.39256765675143 
0.605325618961725 
3.23520372024041 
-2.65826860335272 
0.208544419910465 
1.26652026469519 
-0.61285216355238 
-1.37339917666273 
1.35913462224365 
2.71062893212576 
-1.61607941411509 
-0.52427441628014 
1.24329784768854 
-1.34588411206939 
-1.11355785949048 
1.60375866380965 
1.29003304586199 
-0.656363315509639 
-0.133347385233736 
-0.136555677158967 
-0.712878729390647 
-0.496969665860573 
-0.16142891566819 
-1.63609237802287 
-3.3486700076063 
-2.04384695515944 
2.31111367029377 
-0.00948983649251033 
-2.80575105054035 
-0.408187932480618 
-0.789265903869551 
1.97559565396537 
0.345099327694072 
-0.266898137352743 
0.303583059938692 
3.0813581116825 
2.63433879719232 
0.74442108993196 
-0.00666831718061256 
-1.20304306187988 
0.633312411291599 
0.956929776318254 
1.4567647423122 
-0.587937511879882 
-0.390592711753943 
2.82310893879933 
0.354368291129754 
0.823219848294788 
1.69444683175274 
0.741677443222662 
-3.79735271140805 
1.4606856414653 
1.10755421908266 
-0.811303465447374 
0.349915725951522 
2.43803535501377 
-0.434237555846965 
3.83879392312013 
0.827386063197402 
1.53586535193908 
-0.317116761283101 
-0.67238620544009 
-2.08790889416502 
0.267803976604425 
1.04902825449771 
1.3086218012127 
-1.67051322888808 
1.21764682842904 
1.73951300560611 
-0.552290098069504 
-1.25301835741574 
-2.84572023104967 
-1.21939834354851 
0.104428280717419 
0.348009483249237 
1.01410380024856 
0.695363970167334 
-0.310815386028023 
0.867801301968269 
-3.25336637940199 
0.0747549913362588 
-0.325814063964971 
1.81694639807735 
-2.0185042987945 
-1.96912180328867 
2.28404065117715 
-0.608631802339523 
-2.06953067163244 
0.924994991605797 
0.784586979176027 
1.5144252037228 
-1.40363071600344 
-0.535605793289559 
-0.322025432760537 
-1.01595265498816 
-0.0274831236660289 
0.438592884002744 
-2.06120784838123 
0.670728394405469 
0.572678466487991 
0.34351610428598 
1.32940172057503 
-0.955498725996263 
1.18577481810908 
-2.69206634727069 
0.0308561977381956 
1.13627804254986 
0.97239352144644 
0.275877448709463 
-2.26167021402642 
-0.623362987521875 
1.05557295776081 
2.23491537225402 
-0.953941325570583 
1.91543792402847 
-1.03668422265847 
1.30865532847748 
1.50155575104244 
0.278040595110337 
-2.54049625822796 
-1.4765585037757 
-0.853120062715003 
2.08656574299728 
0.710080527350839 
-3.14946849662338 
0.7332544949962 
-1.21954592198452 
-2.61420927123197 
2.65475759181603 
0.497498529601063 
-0.161103595348425 
-0.634552242974337 
0.658679732905846 
-1.12480621640554 
-0.0298610260218752 
0.0346713482456381 
-1.42585734915472 
0.831085226562905 
0.361738505591253 
4.2855592019546 
-0.344188578340238 
1.64773692950311 
-1.53100274292405 
0.694079144147728 
-0.520112964300637 
0.237687390958669 
-1.5398109207127 
-1.1459942937366 
-1.50608611663583 
0.0295514972039366 
-4.12780368361203 
1.03599262551841 
1.63493593239597 
3.25648782748318 
-0.810719740905527 
-0.714016935901531 
-0.787238673334341 
1.27405761418383 
-0.345800712180321 
0.213236818655159 
-0.311441093509038 
1.26891487947583 
0.097306408026592 
1.17846135596402 
-0.527886195883031 
3.01464953065643 
0.457507595349399 
2.15289158350189 
2.77365491774989 
-0.657024745228235 
1.91408596717965 
-0.300769934824959 
0.410687939288809 
-2.69963335215003 
-0.312283964599474 
-0.174549689040529 
1.2926217223049 
1.27066777795739 
0.177200134668366 
1.17540709367505 
-1.99021936288838 
-0.872845117272152 
-1.05479766172839 
-1.37020989201606 
-0.539795490732669 
1.54043360812823 
-1.54965080644039 
-1.46566867634716 
-2.04833657312036 
1.76367715094266 
0.313803928515654 
-1.09107071737135 
1.16209630892469 
-2.09755259111486 
-1.15652702487446 
0.612233993378061 
-1.98660434924135 
1.82943661490771 
0.843647007465973 
-1.19710198631692 
1.27933644312979 
2.22193654325401 
0.524250073616786 
1.72023780059376 
-0.253874853804106 
0.962843017132064 
-0.937949475087404 
-0.0722793890079163 
-1.8462406359261 
2.22664957456928 
-0.158208715449226 
1.30347016507695 
-1.21691734202835 
-3.24974347817434 
-0.0619504929096779 
-0.0224604413640791 
-0.0155211857918255 
-0.456331865006584 
-0.502349502160355 
-1.86041244800529 
-1.56622015661685 
0.331540357972998 
-0.970110939565985 
3.33254553974882 
-2.47123985153045 
-2.58460877279985 
-0.40467260462764 
-0.784023389245791 
-0.481027535610789 
1.51027592186138 
1.09669105867444 
-1.04220648667934 
-0.6452630683089 
-0.14355338261971 
-0.643490759115658 
-0.148643043388227 
-0.551754522222346 
2.53653917711373 
0.709806407197852 
-0.315948802292081 
1.82318172605365 
2.07759394294456 
0.180746081373625 
0.426668836125185 
0.182501103701374 
-2.25498260253945 
1.37636718984898 
-0.919263721607623 
-1.10513331361874 
-2.03019817972579 
0.916650448709951 
-0.480279671651255 
-1.20807405330629 
0.926471250164054 
2.06556333485687 
0.432315525862909 
-0.403804534178447 
-1.73819469556332 
1.41884621047519 
0.163130000588151 
2.66984220887122 
-1.32289286391449 
0.618477302241679 
-1.72786745866655 
0.566077047185794 
0.981001187447669 
0.516228265497672 
0.123258306906547 
-1.25022415756968 
-1.81775772516418 
1.8558723764606 
-0.435319668712519 
0.504335515663425 
-1.077287868834 
0.489136276390372 
-0.30625066798731 
-0.75280902604633 
-1.0506619083339 
-2.75693435779712 
3.89841990098426 
-0.716059117718492 
1.37426200422852 
0.106831456816494 
-0.0900291943620515 
1.59482520000069 
2.03612408002957 
-0.308941321789644 
-2.86540338516578 
-2.08098114913446 
-1.5223600086862 
-0.454878490827804 
0.370923144293652 
1.4358921924217 
0.0524517995683601 
-1.74032070371722 
0.738390914549271 
-0.506159631497093 
0.371114190221943 
-0.238728319104509 
-1.70180883451038 
-1.79422240800926 
-0.907120019642216 
-2.16709681256189 
-0.416580825205586 
-2.94205192826684 
1.68117144915057 
-0.343633691254789 
-1.6980672477853 
-0.441054796750042 