0.484612281096089 
0.128215691246334 
-1.67095252730822 
2.36073397351922 
0.184962377645739 
-0.26358092438106 
-0.858908603462283 
1.49825503489673 
0.190158327904635 
0.775562939597157 
-0.559981920435686 
-0.456777736295673 
-0.626120651592491 
0.463555842910704 
-0.613956100139555 
2.13645155923018 
-0.127866287826258 
1.9354753225789 
-1.84508764666599 
-0.28936307156334 
-2.88653580886819 
-0.868179578401357 
-0.562598676623413 
-0.390407184513353 
0.0452644040739668 
-2.8150520148985 
0.00496603251386202 
1.67379574503089 
-0.598405153289628 
-0.818973060689749 
0.858846397258904 
0.712108312510004 
-0.0347095704055506 
0.738269724520855 
1.52627831923526 
-2.10676333393001 
0.87437507648243 
-0.111072409263932 
-0.238709979154779 
1.318353940018 
-1.69113090711251 
-1.08129753056531 
-2.46033215902961 
-0.544825729762285 
0.543131485935023 
1.20019514816049 
2.83256995680114 
-0.582252940276701 
-0.690405735231254 
-1.53215695282804 
-0.281677776703708 
-0.0657247910306237 
0.650063136062367 
1.13380333164017 
-1.3219318470729 
1.93969745158548 
1.65740793125683 
-1.52177321471853 
-0.55324932760866 
1.7721073818673 
-1.96423070596317 
-0.197769929409127 
1.41163884126402 
-1.99205098930207 
0.211774158391319 
-0.813414452124573 
-2.54543800273377 
0.978493630201146 
1.51732217131582 
-1.12049999773834 
1.19366444229357 
3.02544690066715 
-2.62233663017203 
-0.805917600727931 
1.33015170389517 
0.360809805219787 
5.17803483385433 
-2.5690489736129 
-0.838061009450294 
0.180814106025649 
-4.06391254969506 
0.258700011657731 
2.2274877686707 
-1.3596870495212 
0.134341068924537 
-1.76033964455904 
0.82019909153897 
-0.481139665265723 
-2.21979183805747 
-1.623486927372 
1.6713174594334 
4.9180010781246 
1.14625135425934 
1.00460101093114 
1.05890144819142 
-0.172515658732143 
2.10955156877568 
-0.81930292611534 
1.85469765778112 
0.458755976162157 
0.440896226076828 
-0.439332503948049 
-0.881415297016527 
0.228166891183162 
0.112739017999576 
-1.77848393457472 
0.184780086583757 
-1.67135086436168 
1.850285678885 
-0.722509313209327 
-2.11447426744778 
-0.133704570608473 
0.575101666016167 
0.0493548308542999 
0.361690650818484 
1.56202493328863 
-0.14126900461869 
-4.27131289762806 
-3.21243061552774 
-2.26852326507324 
2.11046788726139 
-0.0574435535383543 
0.778464088568966 
-1.37386769440906 
0.437319321461785 
0.0598485604772478 
-0.615073065748937 
-2.2287652128796 
-0.701057536661407 
0.489225083563292 
-0.442159986929613 
1.15971526745008 
-0.0289644585739783 
-0.849117795098544 
-1.19061092345552 
1.54400775051047 
-0.503926854837676 
-0.034187417920729 
0.949256170643596 
1.64889854498579 
-1.13178463756377 
0.454511578940462 
-1.15823927513957 
-0.428214951032906 
-0.0822645992045823 
-0.640292287118544 
-2.8492086129033 
0.77415960914651 
-1.51499947554298 
-1.0061336645439 
-0.607923519291345 
-0.98888527339902 
-0.0245635203691799 
-2.69807590545801 
0.434670435471287 
0.0764075349067525 
-0.695315887276398 
-0.909692438269766 
0.757133446171788 
-0.699997138162431 
0.280731657411104 
1.74299173770747 
-0.083774025472288 
0.484556646409217 
-0.901951128010762 
-0.16189517991637 
-0.710071898383038 
2.6374361709928 
-0.968613527648511 
1.19607184770571 
-0.285855494121966 
0.771115483205245 
1.78870071028458 
-0.641589193202039 
0.323157045798985 
1.63840830212406 
0.799524589692287 
0.775907988576898 
0.771237023715626 
-0.891003697303097 
2.42436363866908 
0.113198319072492 
0.623331212658727 
0.602318787333023 
-0.594778655283059 
-1.15045430599815 
-0.676640370319036 
1.36334188680077 
0.0892466119880407 
0.565138190251014 
-0.910800326386069 
-0.455125259071274 
-0.0565124507226129 
-1.25585567843018 
0.528468595858204 
0.288042232554018 
0.468590906744498 
-2.17555505337449 
2.37179848333383 
0.333019682981205 
-1.00548779864126 
-0.548554257181375 
1.49410884642775 
-0.0750203288333545 
-0.871520261015545 
-0.142654524716568 
-0.530281165913318 
-1.3860762641093 
3.08202297042895 
-1.63679315038276 
0.649785594901761 
-0.389023393734585 
1.85694228317746 
0.878370524143502 
0.403482046504005 
0.662449401027039 
1.89965834272207 
-0.419299654767366 
-0.590387969768294 
1.56181213448133 
1.34219973329627 
-0.17969014312033 
-0.231670131385284 
1.5411379736131 
-0.701244564382567 
0.356320421712829 
-1.32469142379651 
-2.21605497827955 
-0.1288254676073 
-2.17241451214196 
0.100158790992364 
0.644197139337387 
0.706865806174632 
-0.236187988352434 
-1.0470798377992 
1.36719314643756 
-1.29380922501739 
1.04320056509383 
-0.361935391156466 
-0.847482543758438 
-1.73753289751025 
0.368907760207327 
0.227958688358621 
-0.6191067881377 
-0.0386725872076962 
-0.628752539443539 
-0.147699252767909 
0.877758931488918 
-1.06037828800776 
-2.61712258640475 
-2.21739841792787 
-0.640924063950461 
-0.879075046019003 
-2.87011510163631 
-0.92552572058299 
-2.58008129084537 
1.61048980862599 
0.110449094379977 
-2.98489653273207 
-0.438525623619976 
-1.45963817401137 
-0.203290513412618 
0.502831581045122 
-0.160497789939634 
-0.537390715578926 
1.12504468146959 
1.01304785366583 
0.545176602762949 
0.681620023662004 
-0.159709601029214 
-3.069296958686 
3.03197400081988 
-1.102162254609 
-1.43646650026599 
-0.0985718214667267 
0.196076667376016 
0.218169606059141 
-2.21246861483115 
-0.188357982866542 
-1.77238825068179 
-0.881350511571054 
-0.100179941432962 
0.575119874735732 
-0.882628039175352 
0.0212114403387051 
0.126287098062879 
-3.49950992306671 
-0.681908765654947 
-1.26397563917985 
0.470241100012185 
1.14025742892666 
-0.779490892391981 
2.16371231685589 
0.332942763614095 
0.579011955173033 
-0.107364136948166 
-2.43734357621434 
1.86205646291185 
-0.414089009664182 
0.413048615567565 
-2.63652688539297 
0.142361341810252 
1.09702066935447 
-1.9138044024207 
-1.75371939662476 
-1.63309783090003 
-1.97262858093726 
3.06674101311656 
0.690003111825544 
-0.145571732115401 
1.55008035548502 
1.42367165314116 
0.083583850051844 
-0.0843685726735797 
-0.271723541725293 
0.244886521175178 
-1.28343312447128 
-1.34460596036963 
-1.17430351100721 
-1.23629076229973 
-0.540742326640748 
-1.20215950834752 
2.43043630040006 
0.760233159011934 
-0.725177074114207 
-1.87700876112844 
0.897925631110722 
-2.73941433803268 
0.0491903577789613 
-1.04360887855718 
1.50620481979293 
-1.48591219949591 
0.500677494286055 
0.516620294695712 
1.52134538043343 
1.71225894979752 
-1.67219844180477 
-1.36094832039043 
-1.84605451429782 
-2.56557380328484 
-1.89103187687013 
0.541200458039417 
0.752186683209898 
1.95354666740192 
-1.28782513258387 
-0.425424903872616 
-1.16186787181709 
2.46786571321933 
-2.30280776242902 
1.47408505121518 
-3.84803903582264 
1.2086090618446 
1.05970110089664 
-0.905992004802042 
0.0949343203071177 
-0.0453164605670646 
-0.0916839773102489 
-0.885306589198678 
-2.21889594136837 
-1.10516842042495 
0.263278209104235 
-0.0968429185214223 
0.231716673594443 
1.1159971552602 
1.1765477408443 
1.50501002097644 
1.97105632645045 
-0.0515955477359436 
-0.254589903321303 
2.16577122892092 
0.731088829761859 
-2.23668409427198 
0.0879012731592626 
0.867459982238062 
1.54077237096624 
-3.14719446698235 
-2.55216539605551 
-1.84695412723537 
0.58493426789979 
-1.91062331797568 
-2.13360057294917 
-0.614464359089882 
1.33406981849191 
-1.83279281959939 
0.688455459570662 
0.0363543179294747 
-2.86774583772963 
-0.34667441539124 
-0.381131818364527 
-3.51755507225628 
-0.649671830389354 
0.337879023910547 
2.35127342449939 
1.03151892984826 
0.384316198780033 
1.40419084390852 
-0.857565340036405 
-1.39697947688503 
-1.38985388754365 
1.23002289488089 
-0.497310851096469 
-0.206637401721033 
0.192065868022588 
-0.0917884839856549 
0.896596709076461 
1.01492493766677 
-0.178655388245707 
0.27966586566626 
-1.85263283821635 
-0.92913703391864 
0.313826147492328 
-2.45285612872037 
0.844460318147411 
-1.31440943661855 
1.2762851100984 
-1.35881529288115 
-0.0342306689457412 
-0.366272412041985 
1.05605487960362 
-0.574800647791125 
0.54053168233229 
0.0624131748207586 
0.981920217902425 
-0.645933560239746 
1.51137951381354 
1.02243476367788 
-1.36957924444207 
-0.933731211986817 
-0.489560901169638 
-1.54155902291461 
-1.76407845667988 
0.131319612939281 
1.46865020729656 
0.779947740597677 
-2.3794376786581 
-0.452188521609535 
0.635931931364711 
0.736782457723915 
1.10849662792413 
-1.23057362534592 
-2.32456259506211 
-1.5954637231239 
-1.85891771937448 
-0.0492460334161553 
2.39448480470511 
-1.05377653556312 
1.72174902992064 
0.905632828325471 
0.471103233279796 
-0.767217385393079 
0.26284098949723 
-2.65037972105719 
-0.156578124559762 
2.045329963047 
1.4162461714422 
-1.2373899568691 
0.00185955381621467 
-1.86064600489589 
0.309988357286371 
0.939936660912096 
0.586435482364265 
0.70318257049119 
0.0629515866740404 
0.88761015475035 
-1.09015877975784 
2.25482025296565 
-0.871615572676544 
-1.24401709389849 
2.67418196078898 
-1.51680438245317 
-1.24474824506243 
-1.62414509900512 
-0.700565627599818 
0.0424314555576907 
0.656583624919078 
0.271290242175934 
1.75113846188696 
2.1172977794214 
-1.29168424325012 
-0.83054387678863 
0.182873824522305 
-1.53777120514828 
1.20703950373181 
1.90147007856829 
0.434488660089925 
-1.04345383093878 
-0.0797790414681155 
-2.41832734209777 
0.613933701565412 
-2.56584415295387 
-0.400244158550028 
2.47455827379013 
-0.0960606462734122 
0.633343834577516 
0.412701764114017 
-0.376890622347634 
-2.07014175998435 
1.20078676061484 
-2.30208876345921 
-0.366898889370981 
-0.78085000303396 
-0.725434229011582 
-0.600137191812169 
-0.412707454208055 
0.396203850198704 
1.80660652381402 
1.00511155493304 
0.758461943714282 
0.533220634884048 
0.536716035003327 
1.99066528215907 
1.65720504306106 
-3.21617305710011 
-2.31152889101019 
1.05639676916012 
0.0938812261773432 
-1.16372416013517 
1.73885022339148 
2.51273871792215 
0.883705527015314 
0.854011087617215 
2.59944989846609 
0.514584969235743 
-1.0149169952912 
1.07948207798189 
0.8815412517584 
0.926307927158759 
1.27156906377931 
1.57230363085425 
1.29779367369629 
-2.16073838273508 
-1.33938880360381 
-1.9147583979466 
-1.48215093047014 
-1.10595995123084 
-0.205883594288703 
0.70265931243253 
-0.273268864503639 
-1.78327742846747 
0.898348759346593 
0.510190677106739 
0.516429979299249 
-0.0210042568820807 
0.77172503287006 
0.733538382345157 
0.431519888729278 
-1.30954703435453 
1.89067022256605 
-2.3310510300108 
-0.930245167069382 
-0.120677087209648 
-2.06500139508801 
-0.469984180249977 
1.60942979427479 
-0.640670197533736 
-0.463538977247492 
-1.35600417161774 
0.27051862377667 
-1.30524218058017 
-0.859972121352993 
-0.649794745807817 
-1.02310786626783 
0.862990839479146 
-1.4511372111317 
-3.49266587196067 
-1.50366188602102 
3.29080650798831 
1.46237648265332 
-1.46353696157548 
0.80396756301454 
0.45438853105603 
-1.89333153956551 
1.28113827199624 
0.705010354354825 
-2.04258407856986 
0.037764135701732 
1.62302140929934 
-0.9562993201797 
0.778630699622385 
0.246792816281789 
-0.665945624139944 
0.262987218274673 
1.50772538497447 
-0.943879851493219 
0.917778659264791 
-0.160123278156103 
0.928648328743959 
0.287964016032079 
2.89144506019943 
2.58964588817696 
-3.05725060904988 
-1.1474770322694 
1.15893157018629 
0.255116588662646 
-2.81197708745891 
1.00681261082533 
-1.86300310327555 
1.26985533509557 
0.765151019819384 
-0.589662850434824 
-0.6665874902299 
1.95145058996797 
0.935906153918342 
-4.21208728165221 
0.980311601268479 
0.837366248379148 
1.07246026983398 
2.47232474470061 
1.39726243647942 
-1.40035567512961 
-1.14471485698355 
0.250928136867027 
0.563214359573189 
0.403087531066329 
2.07232318273769 
1.16394230824877 
-0.075757634428844 
0.987223916085359 
1.5280328693811 
1.52390791222673 
-0.857641784158608 
-0.768263725093415 
1.02326418618943 
-0.714718222931661 
0.440997168747215 
1.10913016745312 
-0.657032264894815 
-1.88933112007801 
1.61078046625177 
0.326468449870666 
-0.487132720947813 
3.71521768232747 
-0.514342919766152 
2.15088562303859 
-0.651867673276203 
-0.629231130294776 
0.877305109222808 
3.06602554059045 
0.663336212856407 
-1.70022950004721 
0.137478095663775 
0.868063405336775 
-0.361602288928437 
-1.0729833994322 
1.44937129745649 
-1.81919962806012 
1.65875413390687 
0.448118868911931 
-3.10225213000369 
2.41160024965035 
-0.731301071886612 
-0.671808871739407 
0.311784211183982 
0.675632331562014 
-1.55694123392766 
-1.54518352221192 
-0.75067463796365 
0.205970987666749 
1.52160748262401 
0.0310012196415932 
0.475287997832177 
1.50318711855609 
0.114343142926342 
2.80026523384929 
0.0506372102228692 
0.435727194005606 
-0.379650773057203 
0.617517741203527 
-0.475576182542438 
1.26122814198719 
0.474946505763693 
-2.20723637105599 
-1.27919039827773 
1.83503078940582 
-0.352627039987533 
-0.835181375896794 
-0.363659183365698 
1.07495984246329 
1.30919727404754 
-1.86027753822281 
-0.0917764000564969 
0.377272547311416 
1.36148378833968 
0.503320750204787 
0.0897525050854083 
1.40444143571891 
0.0299572231320247 
1.38758254791906 
0.835284322713414 
-1.5148631967845 
-1.72327647400683 
-1.31454140590397 
-3.40151710858287 
-0.841841297601574 
0.11173675307094 
-0.0814573108342704 
0.132302174405515 
-1.22904498552408 
-0.513617436224073 
-1.05102405538908 
-1.80382607905655 
-0.443311559956487 
0.731522186872541 
-1.50866697048576 
-0.847992465514536 
1.17881299463965 
1.77454119815773 
-1.44679579916369 
0.258724844459355 
0.885185311647748 
0.12625582764297 
-1.53270763143609 
-1.03279966591499 
-0.433871786339803 
0.554289780804964 
-2.53912485898799 
-1.00123983979296 
-1.90004241271979 
-0.602584937646174 
0.0753549338835846 
0.347081927602338 
1.03915660142563 
0.412768753990873 
-0.870317099153731 
2.81565245900375 
0.89519954922146 
0.467677965957686 
-1.55699406840825 
-0.00572417228290403 
-0.225731451670803 
2.44313633378663 
0.405767501289343 
-0.589214157581628 
-0.326952082307956 
-1.39891918848107 
-2.25794630070427 
0.537720678710082 
0.066053744872864 
0.655862771517703 
-2.33747771144858 
-0.3915521110907 
-0.899735747828162 
-2.76925250097421 
-0.171356388026982 
1.66297918837245 
0.502672741783524 
-0.651567278824211 
0.501922338636995 
-1.40329579237799 
-0.764734736155175 
-0.609251267593714 
-2.07801682342616 
-1.29524145158948 
0.273414523233386 
1.39849260082798 
-1.44252663140666 
-1.67383250344764 
-0.708565044490282 
1.03641270161448 
0.264934777291511 
0.378113179687193 
-0.848905942452913 
-1.18697664916075 
-0.168084139781244 
-0.654858429978872 
-0.676452678731616 
-1.27171069359141 
-3.12178685239209 
2.47875701333068 
-0.598658179019006 
1.62689854266083 
-0.350727819040208 
1.00688320069198 
-0.641065453845381 
-2.04356559090776 
0.0845875768719404 
-0.349997234997633 
-0.41632616587997 
-1.81985409209948 
-1.04148944431437 
-1.87140220620366 
0.00705179802420031 
-1.47537315216967 
-0.0712313155828678 
-1.48412407539419 
-0.560815283345789 
-1.10284206419105 
-0.335218147820093 
-0.17488913922241 
-1.86055439770361 
-1.72020628043651 
-0.192199191907417 
0.121876987722472 
-0.664542004666172 
-0.604960197164228 
3.03273156112273 
1.40371988686492 
0.85700721831449 
1.3768987492261 
-0.922586357192987 
1.03816546992732 
0.133371082281757 
-0.628342838491458 
-1.69717846717602 
0.441357033503634 
0.730917827705953 
-0.361136479329731 
-1.43037979656486 
1.68105044371351 
-2.18900229987431 
-2.14225604391726 
-3.21490670179424 
0.463549700187161 
0.415299704873074 
-0.201191452344594 
0.411417534399606 
-0.20252916833651 
2.56632174107246 
0.467379299335011 
0.46863402416662 
-0.737145133387519 
0.126980426389323 
0.74040434151346 
-1.11860704688929 
-0.34091015484614 
-2.70783918358313 
-0.185831397078052 
0.142898803921196 
0.533357408683354 
-2.96182209829981 
0.308083188574324 
-0.983573466186239 
-0.381459857831906 
-0.111689029617005 
-1.10648444547187 
0.491994408224553 
1.28597727246356 
0.871719424291929 
1.27610046200559 
1.67897441923058 
-0.562306818836675 
0.015505291642002 
-0.883387564476623 
0.127200387886039 
-0.896125295685805 
1.56307506424689 
0.67875954103116 
0.797357167722154 
1.39511181741955 
0.92467635274737 
1.02005950142312 
1.63263164338273 
0.373109364181902 
-0.695796566729838 
0.290521224853245 
0.207435030358944 
-0.159927999201563 
-0.761495088952302 
-2.79213147395139 
0.0640690684595335 
1.73152565360116 
-0.0706164926825392 
-0.592383241524946 
-1.88819029204799 
1.33868287356818 
-0.786287943680145 
-1.0619511458978 
0.493805357864315 
-1.81267213910424 
-2.00235373373313 
1.70719055303172 
-0.0889091686600592 
0.603432405799406 
1.96564252770663 
-0.875155793843082 
-0.463043562642282 
0.0469295260584863 
-0.788210690954735 
-1.42298381347365 
1.65382991995939 
0.318144863905527 
0.251652288155134 
-1.72068616473527 
0.972337362876628 
1.86403547840162 
-0.58750998942694 
0.331424823888438 
-0.845201950232671 
1.65530336217783 
0.127535462420825 
-2.50301604478226 
-1.32780955365493 
2.09145290075034 
-0.359254633787868 
1.29177087187675 
-1.65334117790362 
-0.517816453989011 
-0.335632230072251 
1.9707738863618 
0.556063256569803 
0.356834804255097 
-0.610932467776957 
0.514529464249947 
-1.23723488616864 
1.8272139378319 
-3.13704637925545 
3.31000219687663 
1.77038858901721 
-0.8589198001933 
-0.404949313436335 
1.07741665702274 
1.00033823312717 
0.311207462341972 
1.50591041959925 
1.31276093152306 
0.661955408646357 
-0.261893304984381 
3.03939829823886 
1.20721627789286 
2.60901102541294 
-1.17123956664585 
-1.08828391981058 
2.43074322143447 
-2.26978039526811 
-0.00149481016544195 
-0.188441340306894 
0.125729314678665 
0.948904444698998 
1.30970866829791 
0.959144830260146 
-0.545243870637972 
-2.22933682056616 
2.22567909197099 
2.82987985020939 
-2.13842764519504 
0.126807032739128 
-1.57438484355327 
-0.834691711541943 
-0.453223069821027 
1.01664208542532 
0.127810117923861 
-0.516266906392419 
-0.584262978639965 
0.454817723344378 
-2.11598016896697 
1.87156534106525 
1.2657407383724 
0.64732858603437 
-1.83077186053305 
1.33423001655241 
-0.217171684204528 
-2.52861264627721 
-2.15109560755346 
-0.933152933256971 
-4.02788974020803 
-0.761625624856436 
-1.01842460885729 
-0.958306372982103 
0.506602535066892 
0.0616051651659324 
1.59398585770449 
0.143457973125961 
0.157283758600751 
-0.776693704650209 
1.26562621199677 
-0.284130708984705 
-0.462494883150222 
-1.42630045839183 
-0.923885688533708 
-1.52040844405144 
-0.659905469236704 
0.233465278418494 
0.224010660672374 
-1.26916391498523 
0.0834643802319726 
-0.618752533079436 
-0.187064944602652 
1.1082587806409 
0.17658767488126 
-0.619107119977072 
-0.0270293673221633 
2.40081011753925 
0.446830918288019 
1.27178443747762 
-0.343696285875817 
0.171182720640169 
-0.858109632207554 
-0.795204772122571 
-1.64647648766249 
1.22791594841558 
-0.734519844027908 
-0.391491180059479 
-0.421706667465139 
0.487369486091062 
0.825114127877602 
0.10664538019643 
1.56423201281053 
0.150937876669428 
-0.79541824078944 
0.869391313205552 