-0.772201778310784 
2.26887765934748 
-0.957154801346039 
-0.0441989668523597 
0.41369195642299 
0.840548398912272 
-0.185544520580673 
2.8383230876435 
-0.144558682266291 
0.70008849092494 
1.16662551935668 
-0.803653773218622 
-0.902127031004433 
-0.226251135801694 
0.0590324280294572 
2.9961784143484 
-0.542691972288948 
-0.0213166131211263 
-0.209986749036765 
-0.406005047513236 
-0.169502752295093 
-0.0136707347026181 
1.63526137666095 
-0.747218585238092 
-2.64713597896338 
-0.941319939870063 
-0.148480486247778 
2.17516606647495 
-0.0901193465341795 
-1.82098209258332 
0.483947126559473 
-0.434458566441076 
-0.66623903560045 
0.520602072942208 
0.436091718072606 
-1.08149288538156 
1.52232812795683 
1.48859802322036 
-2.14184856107425 
1.23203057073397 
-0.0432552290018969 
-1.25515818278667 
0.503929515501775 
1.18023566520394 
-1.34528179910049 
1.45707307055797 
-0.6054856682527 
-0.00185076355011526 
1.10603984219949 
1.53486521628061 
-0.936085349293962 
-0.348451841281465 
-4.14039452428934 
-0.13401294484162 
0.497688021724709 
1.1983113224124 
-0.0258363794828096 
0.0465982941549389 
-1.98316541774547 
-0.860788088088068 
2.29681019105144 
1.29422300271454 
0.608338166845998 
0.167070279929358 
-0.584790863801275 
-1.0151535985678 
1.80881411709125 
-1.84167327056784 
-2.50058443742189 
-0.754815939017896 
1.38544828850939 
2.27725390208865 
1.29818583664129 
-2.89170883435004 
0.612419194242252 
-1.30931358607689 
1.22056650820108 
-1.07027362530299 
0.966932524399832 
-0.522955785493634 
0.692478120311674 
1.66295260252235 
-0.769968877458244 
0.214886081614232 
0.886636793862199 
-1.19139370495601 
-0.841639282471521 
1.39553249404413 
-1.41526355426588 
-2.69598813491256 
-1.95343466856704 
1.0742368806137 
1.40360486984561 
3.47103329740836 
-0.695238776438177 
1.91440988902382 
0.103790825190336 
1.3042836124174 
0.180743378826879 
-0.822356005826945 
1.07115282403587 
-0.702652229006016 
3.65093970724364 
-1.1353152521692 
1.80519760996127 
-0.213923082209026 
-2.72029751653893 
-0.128506321499884 
-0.865277102989701 
0.868622196118911 
1.2803643232571 
-0.204166366894943 
-0.556250607980206 
0.370119106728401 
-0.3618489110384 
1.70292347540744 
1.20061991318373 
0.0260129054379792 
2.22219089860449 
-2.08203940084517 
-0.706014525640253 
-1.36212557398642 
-1.27372968860382 
2.03479504071967 
0.544515649315117 
-1.20899670213835 
-1.74096165299771 
-1.20641849002773 
0.889255811837478 
-0.925155325092635 
1.13782851014997 
0.585115888867171 
-1.45845324785351 
0.768196339285312 
2.97423515351623 
1.07322389107408 
0.0186525970386251 
-0.3008027421147 
-3.29754106008015 
2.06357873545503 
1.65458632543832 
0.451840071642568 
-1.95318371041197 
0.858731843663741 
1.47697855388576 
1.19569059815986 
-1.72943366156766 
-0.987401139472065 
1.76918545629569 
0.525621095656974 
-0.588639027866155 
-0.639619346848948 
1.12411599241088 
1.59292984014024 
2.77302828524531 
1.74808577123458 
0.0586357716284704 
-0.288172703377351 
-1.33051129717714 
0.466754811303432 
1.5884763475176 
-0.63716698926779 
0.0340284779586322 
1.5798268310136 
-3.03439318522773 
-1.13448436382771 
1.2014826210656 
-1.97553857934135 
-0.682618748897823 
0.368865248129781 
-1.01214247042602 
0.690875958172809 
0.175349088381741 
-1.45911748930537 
-1.04874136368175 
-2.58157407470997 
-0.195046312882907 
-0.0482200319427713 
1.94394927989193 
-0.1636544826751 
0.749984860950357 
-1.35348222175963 
-0.513639039208335 
-0.671409353215811 
1.0543987427921 
-0.00318000977370669 
0.726396220646579 
1.82130321554954 
-2.16207572183855 
1.08880050759207 
2.59113011157307 
-0.348047533750037 
2.28707138650041 
0.564495382251512 
2.26609131075136 
-0.597036748716307 
-0.183266461771189 
-2.88717684895743 
-1.50420919081413 
1.82565890623895 
-0.887551932517925 
1.39201357047815 
-2.94825846213701 
1.16047651156953 
0.684767704451212 
-2.03293347382946 
0.25233162972186 
-2.39499055810882 
0.794896993187067 
-3.46888849178685 
-0.645659180438794 
2.38076895785109 
-0.104215129234271 
0.324574358504714 
2.2374081876533 
-1.06365711799745 
1.33052777694455 
0.749069440222591 
0.385870201210124 
0.920689973892519 
-1.04596344174767 
-1.82361558311505 
1.60400273197219 
2.03350551537705 
0.504024364865539 
-0.612143784183668 
-0.842890955371751 
0.0559680058170088 
1.34202109429713 
0.352985319474592 
-2.7656473680186 
0.0703111782286208 
-0.369340652523214 
-1.44031227224287 
-0.0483116258100293 
0.465813798938229 
-0.787516931880929 
1.30906408459951 
-1.07565184838744 
-0.99529196248013 
1.69325247259451 
0.356676850771976 
1.8398929196457 
-0.329057717223008 
-1.04518438657175 
3.7611350028656 
-0.116917756588902 
0.158338707635535 
-0.31852309008946 
-0.275453538949884 
-1.20197505754627 
-0.510666377394376 
2.02633632986604 
1.06960120052172 
1.18876303475228 
0.0830014764059893 
0.460376815880283 
-0.959133838130916 
-0.19719552645005 
-1.29639403620607 
0.816988998881776 
-0.101202352623673 
2.22677385430101 
-0.219638587648442 
-0.421216976028995 
0.998696710411722 
-0.625245663896563 
0.191546934796743 
-0.283232653366148 
-2.1159400769226 
0.269855355322441 
0.450673777122009 
-0.00889936907355189 
2.37490570321737 
0.693509753895008 
-1.67424343385911 
-0.000255533597079083 
-0.23561175101378 
-1.88995018387033 
-2.24491027148202 
-0.927552673514903 
0.324449651726579 
-2.32199644638287 
-1.74715218730679 
-0.018032751100313 
-0.300578986502357 
2.65769625726062 
-1.03611031753358 
-1.19823919103941 
0.498960126097492 
0.753056907317888 
1.32239531605313 
-0.590748888034111 
-1.26056821128483 
0.475416588529511 
-1.89329564467004 
-0.886182893073503 
0.0263778113430436 
1.64484628778817 
-0.785740508306639 
-2.01698545351244 
-0.0909650720254934 
0.374566543721307 
0.365415046624947 
0.605178086531519 
0.739139935576566 
1.00742170560908 
3.49733131368943 
1.35140818487278 
-0.356741911010074 
0.732126854138701 
-0.277455088334884 
0.280430904909745 
1.31389609669524 
1.43033722017207 
0.488992146998507 
-0.84962413800963 
1.49710395511516 
0.61750857113509 
-1.71761209658164 
-1.08280818698446 
0.580247210403962 
-1.47385878589675 
-0.242348851505949 
2.94297882843826 
1.16261186001555 
0.00447169963040339 
0.853819261901787 
-0.317013291766409 
0.861302710400498 
1.63461122984975 
-0.367727794315707 
0.506613268998465 
-4.1788436927744 
0.596363793296075 
-0.134503310850316 
2.5362827868641 
-0.714934868248605 
4.90122437620767 
-3.10834035657832 
0.713668658028123 
1.79743670185419 
-0.0179442275677242 
1.91423970739317 
0.129195036860656 
-0.678267999283738 
4.27511016300848 
0.155346287286347 
1.53880130407559 
1.37741202543008 
-1.44043865612573 
0.743521417232353 
0.142354571764696 
-1.79605007982246 
0.133221727427117 
0.892838617333588 
-2.58587841007693 
-0.211693343687416 
0.0942123276520961 
0.92391710360412 
0.015686690260524 
-0.0580372607636478 
2.03677104194717 
-0.702818826630949 
-1.86694986904947 
1.37153907258085 
2.32327774774644 
1.37393078936859 
1.02719263886799 
1.83867517075941 
-1.10987300303678 
0.0497834564530859 
-2.74715634552042 
-2.36669022184703 
-0.178110932018242 
-2.79181716125019 
-1.01620075524285 
0.890623351170234 
0.905932215096302 
-0.306677993402942 
-1.34513489772073 
1.62527616344844 
-1.07220687274452 
-1.44270705221547 
1.39143361235346 
1.80701936012645 
-0.052331272024842 
0.079840386016903 
-1.50529803750778 
2.57752013284368 
1.78095511386979 
-0.37103557320916 
-1.89326200020433 
-1.18015873123239 
-0.0391379191206827 
-1.19194690424646 
-0.861871485540918 
-0.853922863954565 
-1.84568597729807 
-0.112058735658451 
1.47678737018229 
0.21622451746391 
-1.62022657525427 
-0.64393115967764 
-1.02871925793858 
-1.82345972034397 
1.50486565063318 
-0.353119148345646 
1.25433502347804 
-2.42340618913897 
1.50734448593539 
-2.58194979570557 
0.232089980908803 
-0.066874495159913 
-1.03825362450401 
1.94597213782769 
-1.11226918506015 
0.780730867520825 
0.188377179781206 
1.64173220989672 
-2.07978645466731 
-0.646654724742204 
-0.406491961292183 
-0.772786973072643 
-0.551101642550088 
0.961892830402407 
-1.52377755915597 
-0.607295182010725 
0.262423393536983 
0.673095497059077 
1.09761610451042 
-1.93391489128354 
3.13383197706335 
2.17722691874215 
0.777981784791955 
-0.00214506352176158 
-0.181801496845373 
2.80128221203194 
-0.330096849454024 
-1.85348816499133 
-0.564209148152112 
-3.43473771554169 
2.63659061698481 
1.4661655113359 
-0.561909753322507 
0.442764542273598 
-0.20712570334505 
1.27263541729336 
-1.07945038197896 
0.836632052000121 
2.01051003205491 
0.794202172766845 
2.52798657371454 
-1.55926824671466 
0.210804552007672 
1.23024579845378 
-1.96958721896817 
-0.450786557309377 
0.831047105532949 
-0.199103232076097 
1.62599850837779 
-0.526418687074735 
0.91219347254001 
2.15036274480888 
0.474586275940669 
0.10039076535272 
0.689852725899211 
1.61954997611098 
-2.52842207617507 
-0.458806952637177 
-0.248972410004918 
-0.477776224749111 
0.579351515339948 
-2.62835820942324 
-0.963168430544656 
-3.77462678028234 
1.18267319486433 
2.60011438588779 
-0.139930505424463 
-1.04724535591373 
-0.998677430273366 
-0.423196822690661 
-0.655262804675303 
0.782491680089345 
-0.0618837113097789 
-1.34836275737574 
0.633339903069369 
0.0618343279320785 
-1.70539911457171 
0.980063813333555 
-1.59779804428998 
1.22948236181475 
-1.22034361871329 
1.06649885097994 
0.220873124078343 
1.69828578819699 
-0.500176812949606 
0.195001566603582 
-1.07370069734742 
0.927409398706744 
-2.53658524744094 
0.850970756959306 
-1.05329775592093 
0.520132498336852 
0.00402733463138258 
1.29265615616212 
0.050931229363273 
0.371910441095767 
-1.34279796673345 
0.601958757837574 
0.989671820906812 
-0.2062481064424 
-1.33183383388897 
-0.132061255323925 
0.464661810902522 
0.784230747257589 
1.65542627111557 
-0.400912918472998 
2.21528826509607 
0.719185951739577 
-1.038241749693 
-0.312394989262595 
-1.27978430190796 
-0.89248058784811 
5.05808448993251 
-0.785432962557713 
-2.34404966982224 
-1.78311586404377 
-0.0206334785259783 
0.461569422301384 
1.84841190276802 
1.19633121902692 
-0.92839204654482 
0.618239502500975 
-1.13642643445474 
0.0362140707554354 
0.0961376495024412 
0.480073839720842 
2.22150769481939 
0.83258989250548 
0.932914062709696 
0.242357030210857 
0.952787342889439 
-0.662335107995218 
0.79271871144438 
0.572679240236354 
-0.43334872755058 
3.00041295572925 
-2.44862138209514 
0.448555999066136 
-0.593375272730104 
-0.267163550202203 
0.553314182616654 
-1.72701735989593 
0.810859492443339 
0.924323382624887 
-0.734480158157224 
-1.05602185261092 
-0.624862050439817 
1.85523484812476 
-0.236021124132053 
1.64778405369299 
0.882186988494307 
-0.393319137009648 
1.80849765239759 
0.359745496561273 
0.59493877341412 
-0.341992887392164 
-1.68470725394838 
-0.187833425797302 
0.238521533812185 
2.41508072973001 
1.5968625323681 
0.412385015194768 
-0.724646836835641 
-0.21704988939909 
2.34197033307155 
-0.732091382532933 
-1.04454139834528 
0.671191177342872 
-3.41400282820283 
1.02615320439957 
0.655616512403105 
-1.0758949700393 
-1.85828629003907 
0.239813574543626 
-0.371475211384571 
-0.166080723100109 
-2.3139322215001 
1.67861949298057 
-0.435736054703766 
1.13250798293522 
-0.640747819440537 
-1.64754968332214 
-2.63551726794859 
-1.13760198408778 
0.423360374788795 
1.45713616525236 
0.230507176013838 
0.0375566800198196 
1.57061193224848 
-1.51143280827657 
2.51822757507019 
1.24746773437506 
-0.470369512387305 
2.24556166626749 
-0.947885830071562 
0.233693383914697 
-2.30558209592972 
-1.19253369014881 
-1.00243988257558 
-2.15382524968847 
0.379875242329173 
-0.886696128862221 
1.52946945214196 
-1.03494942021896 
1.53929320132954 
1.1168542248025 
1.03062544529223 
-1.6287541829879 
-1.20340883314685 
-0.523067523766776 
1.37053180439558 
2.26664841256212 
1.74022350160316 
0.230486820636775 
-0.150555494767258 
-0.271638185795934 
-0.161282467142938 
-0.629176030224041 
-0.870794213920137 
-1.71684736317792 
3.8281116606545 
-0.575035954109863 
0.308881155947233 
1.24479792711476 
0.167084612130934 
1.97551563200072 
-0.594415238443404 
-0.656178552734439 
2.22503982833382 
2.03867894385851 
-0.356279403655006 
-0.00800928451026921 
0.32346762956396 
1.62684799367153 
1.88705206352376 
0.154392402122927 
0.345279828342779 
-1.09480843838126 
-0.0417833703011263 
0.468523676873677 
-0.0803797136316202 
-1.31529790849259 
2.07436643517597 
1.88890586887963 
-0.642339627617787 
2.09518708593103 
-0.348575573057135 
-0.763769821146457 
-3.54179631617815 
1.12806659531676 
-1.67258740634256 
-1.38496116740595 
0.848451999432887 
-1.02868060999141 
0.231598483252746 
0.603555937996341 
-1.65380494563403 
-0.181920310476383 
-1.68990793476462 
-1.01414469526826 
1.19851005670482 
0.337635143340684 
-1.40793201327441 
2.17292924941182 
-0.681705234533805 
0.410470605501344 
-1.7473926523187 
3.36872054550011 
-0.563589107395207 
0.645344861622218 
-0.172922138036179 
-0.149737065304151 
-1.06444658053027 
1.89987019900903 
-0.494429814359096 
1.10286104883988 
3.42770910005657 
0.198349664032545 
0.448751904617028 
1.76996958300427 
2.64926302932268 
-0.453621098268016 
1.95594348631964 
-0.490098097533316 
1.59490364428552 
1.13485985174659 
2.00796661493905 
0.837927979587591 
-2.16279492164656 
0.712959826261984 
0.833030274089182 
-0.865375144029006 
0.606112059371319 
0.634502722441376 
-0.959851463567065 
2.21958850220794 
0.0776013497248007 
-1.01928958138166 
0.458059792970325 
1.04718058935868 
2.80085803555204 
-2.05516883932071 
-0.413501999371458 
-0.00917960909546411 
-0.231803286091212 
2.69046632067381 
-2.41818676240898 
0.660545648452445 
1.06695671012128 
-1.00786926706526 
-0.706898436794486 
2.5423751623152 
-0.67914640169334 
0.389331004258904 
1.74441637171122 
1.02043049039954 
-0.14473724751896 
-0.772469901139284 
2.64881639979787 
0.652738813940076 
0.520249394888276 
-0.0498200936972679 
0.161161881312567 
1.24863477608069 
1.52689938346727 
-0.276372518505403 
0.577938506586988 
3.45200058290784 
1.94419960967901 
0.720992251971344 
-0.62718683918338 
1.62678018939824 
-2.19717082628714 
0.309698396467511 
-1.13969559317168 
-1.19625628690408 
-3.79304356113104 
1.68353374608052 
-2.28327187320817 
-0.22787884443795 
0.322945077343815 
1.07434468117801 
-1.78633446777096 
-0.914901360767845 
-0.146161058322937 
-0.638838096228375 
-2.0803315869542 
1.44984781643343 
-0.549037681897038 
0.476347490858938 
1.44885938702534 
0.506666405988539 
1.8501233492966 
0.219384585042413 
0.357193840374966 
-0.258338959099837 
0.926375933545629 
0.03086229971958 
0.552936205091701 
0.160447794212036 
0.241560732804476 
-1.89937911423873 
2.2365055500304 
0.655462935145073 
0.89698643671649 
-0.419754907135423 
0.585339963788124 
-1.11461422309308 
0.164997889051538 
-0.336828799926362 
0.861727729092143 
-1.7314745773062 
-0.932400397921544 
-2.92407014585805 
-0.189472931035891 
-2.00671722757244 
-0.2516694647794 
2.15125722460584 
0.406578590696706 
-1.09033702521549 
-2.08281077607868 
-1.32130295114756 
-0.976785697420328 
-1.97951759698303 
-2.09274573691331 
0.875856670357301 
-0.430232465034946 
1.91379678942774 
-0.818083471950329 
1.58643541132685 
-2.10275634366796 
-0.00847082082674094 
-1.56294944894294 
0.346693764970419 
1.68515563205532 
0.842428987573388 
0.125079386448298 
0.247073905578273 
-1.35722264044041 
0.787386344665685 
-0.194142773851385 
0.0379905066687564 
-0.185506296435757 
1.78069848831283 
-1.3152761995861 
1.28862388297922 
-0.0985194782906032 
-1.75749521138143 
-0.39300161900592 
-3.46122553762757 
0.715845448887674 
0.58205163716541 
-2.77362602717618 
-0.693564435002798 
0.66109791513435 
-0.833708694647346 
-0.809729314884549 
-0.199505651243912 
0.359830340943684 
1.93514143410444 
-1.02711772669635 
2.14869233580692 
-0.47480967323897 
0.361125908570691 
-0.374060787824344 
-0.164799262182446 
1.32248118515769 
0.900362445185569 
0.645753773557637 
0.248821611670388 
-0.103361582739799 
-0.886654258477398 
1.69494071657573 
-0.957097841665547 
-0.822496187600352 
1.35720613031693 
1.64913772479143 
-1.17604178482464 
0.113620976642363 
-1.01156634031722 
-1.11664994983143 
-3.20611509417719 
2.54456949227108 
-0.294786963596487 
-0.629005320376206 
-0.351328813160785 
0.500628544259581 
0.990920006861 
1.03927661034673 
0.348444604372105 
-0.888189856881547 
0.498184434295648 
-0.737385272184608 
1.47800153772001 
1.34511841830764 
-0.342568034907527 
1.53354422126246 
-0.742291558233136 
-0.216771795468331 
0.407606497186659 
-2.06113276365128 
-1.76840688195118 
-0.614771428426868 
-2.16910208658059 
-1.15632984713521 
0.45646673651083 
0.347767113451385 
-2.62276895850607 
0.581655631666523 
-0.922398796899748 
0.742316576411147 
-0.136507378208428 
-0.800866510925967 
0.605975941775244 
1.60058570399474 
0.0840852509411873 
2.01610651130486 
0.436946046313583 
2.42158489530307 
-2.67503045116785 
0.620083275561866 
-0.0263324765117542 
0.123235934319423 
0.0355695097806419 
1.58792779127686 
-0.262185587536438 
-0.29045086057486 
1.38365647304282 
0.645410415041148 
-0.386754744947316 
-0.192639772736763 
-0.357745615326063 
0.653898756767454 
3.70006711112522 
1.26034793259823 
-0.644270556505912 
0.23995079131358 
-1.34797005304018 
2.71516075666261 
-1.20578790857817 
2.99401966096242 
0.852663356544105 
-0.561640072465658 
-1.78314154073917 
-1.48683065684054 
-1.53941912165932 
-0.86241390065115 
1.39575555877627 
-0.822649066782652 
-0.573705333664802 
1.07470862174351 
0.581881313530989 
-1.55960713195006 
1.54595494820249 
-1.18125104739792 
1.46812414972594 
1.20136787949581 
1.97500005273037 
1.92737073376041 
-3.32997449043845 
-1.26690173154846 
0.921789702074759 
-3.96384805728754 
-2.21823372102909 
-1.08117772537326 
-0.278892766191296 
1.42041448478666 
2.19941554141848 
-0.985357801921565 
0.488317684740757 
1.49391207123224 
-1.49684171212715 
0.194028374364592 
0.216988036501871 
0.00192958936980098 
-1.18720700148633 
2.12796437031699 
1.07300159726148 
1.20627368277188 
-1.39056512610154 
0.733205192415986 
-1.06195728386836 
0.398494364382308 
1.04166929717629 
-0.018354492553336 
-1.61147149841957 
-0.671047134443799 
-1.46772414787877 
1.01061953492547 
-0.104566981856942 
-1.98517467706068 
-1.49325940633504 
0.30625284069302 
0.809081103212305 
1.27510630227543 
0.681350096593498 
-0.320253300713366 
1.76604386357802 
-1.06916741374699 
0.783517790030239 
0.467182821305562 
0.228703632130369 
-2.33270223209921 
1.02077397329035 
0.567351712547408 
-2.52852402510136 
4.2915642170071 
0.397198317699179 
-3.69362518779494 
1.00152015354044 
0.511657833188012 
0.64397637742534 
-1.18694076968254 
-0.687503385577424 
-1.15244311978783 
-1.23417116955863 
-1.01557006541236 
0.324815396134944 
-0.858900951882045 
-0.13203660395945 
1.4301990002905 
-0.1985676771484 
0.724902862065328 
-0.732625131320717 
2.30896048623149 
1.62343617725389 
-0.257659745229311 
2.56485776744231 
-1.59160999067358 
0.585072717044012 
-0.409440342031131 
0.851925843070607 
-0.991807298995053 
1.71516143529966 
-0.641308181885625 
-1.2767460702018 
-0.911254753591398 
-2.38742148769924 
-1.70838537596334 
-1.43893890202527 
0.782471397394867 
-3.41950893425082 
-0.763510410438737 
-0.820889821947264 
1.51993438350391 
2.23381677459513 
0.788159874579705 
1.55488407933689 
-0.256660548191724 
-2.53641608604773 
0.895957760787814 
0.165464402083437 
1.91062341764935 
0.120181526697327 
-2.14718600944268 
0.0902373123546613 
-0.727202364030738 
-0.889939837641717 
1.48721123595375 
-0.788258326744035 
-0.56182196082015 
-0.791555410807506 
2.04414158781717 
0.626697072829158 
-0.712418220583228 
-2.01814769576983 
0.748302356272061 
1.79323887911196 
-0.0880153437290201 
-0.0121671544772055 
-0.694495082850136 
0.182622734566078 
0.453142988084462 
0.0570219827219215 
1.25647019876605 
0.700351075613474 
2.11644710527086 
0.826635619375796 
-0.53362985138582 
0.66501209280254 
-0.247689668272283 
-0.345991239559112 
-0.869496729358922 
0.989345266152851 
0.732418273077933 
-1.32891121188291 
-0.848330360949376 
0.370251784364481 
3.49365388029627 
-1.12696389411294 
1.51189825993267 
0.0584392545757373 
-0.77323993810321 
-0.787840391428551 
-3.52886047170245 
-0.00602620549293276 
-1.47167292894574 
0.609442662873193 
-1.3620710236451 
-3.86883759825625 
-0.570411747098351 
-0.840260846027883 
0.251648697554246 
-1.51692146622313 
-2.24868404029911 
0.861535499628718 
-0.90009365537258 
-1.08608147918857 
-2.17651048379147 
1.19621139991499 
2.62850353057568 
0.511030654126215 
-0.136178772308896 
-0.621455940031332 
-1.79495355966176 
-1.06226327018403 
-0.664370872849893 
0.449415349702412 
0.439711845068993 
-0.169585607256486 
-0.539298727373706 
-0.507541897556595 
1.16272065644343 
-2.42417704849984 
2.19874605967521 
0.333755138121586 
-1.21329517903905 
-2.12301284525438 
-0.596867202849184 
0.779109258878728 
-1.12856469197029 
-0.702028643142584 
0.0880247534467493 
0.561338693840272 
-0.0225907806280192 
-2.35431297119737 
-0.758279242887994 
-1.12350341020575 
1.90482265872794 
0.335819823020015 
1.95339855091482 
-0.216760580508356 
3.49523226347495 
-1.59394962816735 
-2.75935632663003 
1.55402669629063 
1.18990229660016 
-0.335881013537455 
0.144533894206932 
-0.919898899820592 
-1.03779748912716 
2.12480973905127 
0.611643506115245 
-0.223482175667274 
2.05314621464325 
-2.58022345891499 
4.21610237544485 
1.08809510531553 
0.69793772950071 
3.35738548682977 
-0.9226788277674 
2.0697172542261 
2.24857072792626 
0.469398905615469 
0.226395578816092 
-0.997851413618399 
-0.292181291465466 
-0.251395469085964 
0.718674158196281 
-1.93004571553532 
-0.0301025519159428 
0.358373750509808 
-2.56520372554289 
-0.818788779564304 
-1.65014534341401 
-1.31334969246245 
0.862737679018376 
-0.0747759644635072 
0.755246208832842 
-0.85185656153734 
-1.6540098904658 
0.736298047805988 
0.0977817024248055 
-1.58357488367529 
0.157454959654073 
0.6377061022041 
-2.37859642449068 
0.481056861187265 
-0.564889070085758 
1.07709260405797 
-1.28618086445637 
0.388459508107261 
0.350355884305237 
0.385748034640727 
0.210823104620978 
-0.583262082934065 
1.32460855190624 
2.85432646860003 
0.922298817191069 
1.34837345424612 
0.513483784079327 
1.1662398237302 
-0.238410606677008 
0.97494426101311 
0.11945017408464 
-2.55383709309077 
2.81381770271649 
-0.331599165400639 
-1.63059143013718 
-0.141380221711981 
0.677199702124448 
-0.0689050577287644 
0.619499919929883 
-0.144061121329291 
1.15349711828296 
1.05507245450027 
0.486276680081664 
0.633126163952632 
-1.05651440683029 
-0.833017378800297 
0.781739926369586 
-0.55543127368779 
2.28498974467597 
-0.266769157410119 
-1.81377652865586 
0.87995592699811 
0.822896217131057 
-0.504166778378521 
0.841048806023861 
0.00919948950489519 
-0.509245447578773 
0.593705762290924 
1.91695693979868 
1.06331127286009 
0.47873508996573 
-3.69608526336366 
0.847361793438766 
-1.93156602207425 
-2.11276828031658 
-0.245961274331493 
0.221354003812511 
0.714615997098774 
-2.2030982215115 
1.64958457040836 
-2.88427378898816 
-0.572614363892155 
1.14945514313052 
-0.967175211048956 
0.902900055207191 
0.893555599806412 
-0.770072732057063 
-0.529097040693361 
-0.923988863518218 
0.219938437487224 
-0.891052511052063 
4.04300207549963 
-1.12518850708277 
-2.12973088448012 
-0.423592816636975 
-2.35989512988348 
1.171026417514 
2.39602383072071 
-0.0455660378261486 
-1.89304602305508 
-3.16050997302634 
-0.75216450802909 
0.901528350975988 
1.15831039533936 
-0.935143501238658 
3.79941629614252 
-0.315013593828948 
2.00599474496534 
-0.426362987305 
0.434131355273511 
-1.49860159110646 
0.624901906199067 
-0.694440180935234 
1.27364831048813 
-0.893512962683972 
-1.35668244450894 
0.389686216851863 
-0.950678013179832 
0.521586235754608 
1.4487326294475 
0.0598861496354119 
0.897248001941838 
1.04191096846906 
-0.27325539121276 
-0.443266641479399 
2.08214880387437 
-0.0696293807203106 
0.041820672371369 
0.258236663137133 
0.181628820346052 
1.21087430092313 
0.198971124473515 
-1.74315618177453 
0.429643052270172 
-0.0417199725615423 
0.688106332896928 
0.159061107355221 
1.04027366350362 
1.9314636358156 
2.25139756364649 
2.05744588293125 
-1.57670796753109 
0.351444362828607 
0.134771138585739 
1.1072576360709 
-0.974024736042374 
3.66591822355617 
-1.18470214138011 
-0.122427782288984 
1.08716910755109 
-1.5610274453784 
0.337855124591156 
1.4960942924311 
1.62421077034002 
-0.0228699195925468 
-1.05291843299639 
1.32723194388949 
2.58217223524486 
-0.0471726494238719 
-0.0744233050228485 
2.38576091632717 
1.62409525293716 
1.39821828481033 
2.22953993634542 
-0.492699139600393 
1.23352976553097 
0.372169601533593 
-2.24332000985409 
-2.6098195544589 
-1.5990080063767 
2.89687880932741 
-2.09833771877351 
-0.299550593591953 
2.61236447559705 
0.703246734544247 
0.522973890335797 
-1.38403842217191 
0.0366602862673919 
-3.27402721804917 
2.19860397260938 
-0.0567453858314841 
-0.345187256037436 
-2.63612725454867 
0.910081056271116 
1.04725059112809 
1.17525930481407 
0.558374578325984 
-0.0129982673768032 
-1.13841305214641 
0.937965747568942 
0.420732680266116 
-1.98520503361589 
1.06019221921072 
-0.987517059465072 
-1.006278577157 
1.54337126860262 
-0.677870912029348 
-0.635170450975899 
1.36884103334042 
1.26433851975342 
-0.972106785045824 
-1.21584046364123 
-1.06097758994702 
0.0876975568608565 
1.99240016152082 
2.44234350001308 
-0.285555936668361 
0.552608204909745 
4.1135292595907 
2.51215682794181 
-0.0931132510014561 
0.658611300431784 
-1.0974356449581 
0.186426352294914 
-1.43047567618736 
-0.0154452743301966 
0.103381710091833 
-1.58327562391259 
2.45219945459198 
0.233901923644555 
-0.160408924464041 
0.000749844898834562 
0.20793511228716 
0.0791837218441168 
-1.57374900547493 
-0.0241539823487729 
-0.732353843836469 
-3.50405310237928 
-0.989864259267083 
0.995508506997844 
0.34149834543086 
0.269682835037447 
-0.633847702221009 
-1.45864029168145 
-1.28276591819902 
0.363556910403704 
-0.39749778147607 
2.56309705097839 
0.489889935577038 
-1.67585145565646 
-2.65146498241311 
0.761465285428722 
-2.36215947472584 
-1.01238007335458 
2.13805272999275 
1.59165014368847 
0.670738143647609 
1.20730120661815 
-1.7529157738826 
-0.643818567855605 
1.37818390258751 
1.30786483375364 
1.24829830472352 
0.169292583135408 
2.07078830125027 
0.655709693374732 
0.384944151428033 
-1.67956957615197 
1.64566924185659 
0.0190836864924487 
-0.416387162146566 
-2.46385150973595 
1.29192046514236 
-0.213700067487797 
1.79490192679479 
2.43809449676009 
0.793187802067472 
0.685365948256003 
-0.507038607680488 
-3.25534495978601 
1.13862343296684 
-0.345998837736069 
0.288043403534305 
1.80231668552196 
-0.980677779234185 
0.910180637355375 
-2.92084430204791 
-0.720976387955604 
0.526973911054675 
1.58663090826773 
1.34723627891994 
-2.83642768064627 
1.87489550890119 
0.447232568849172 
-0.270937938039628 
0.348353592645011 
-2.00697402835283 
-2.46986979061846 
-0.477973165163938 
-1.58817278335304 
0.996696063874382 
2.30215053696517 
0.908100759584949 
-1.27566751674345 
3.05003804275661 
1.05409008631511 
0.452658133797745 
-2.24876924613753 
2.5421942183212 
-0.700222815859157 
-0.836142951922017 
-0.205425051819338 
2.44548671393064 
-0.797035896242196 
-1.05092636242601 
-0.581188546594264 
-2.70788777716974 
0.642387407512915 
-1.3963992422946 
-0.315379618676695 
-0.809150557478569 
-0.0535967427226873 
1.48141951287301 
1.54649015362507 
-1.92414888936338 
0.329321134396083 
1.45978272870014 
2.5341634160991 
-0.573084105757057 
0.136303377711308 
1.39730652436558 
1.44687568044215 
-5.37043715290972 
-0.931537540282372 
-0.479598022025661 
1.59518724725239 
-0.853655292513635 
3.92468865933129 
-0.623139827726452 
-1.37636954719455 
-0.118114479571275 
1.16367613947644 
0.71897755319096 
-3.25707742677258 
0.122221298308734 
-1.01340849203145 
-0.0103421601316736 
1.92728233065291 
0.976562259261933 
-0.126944886652489 
2.13708966253008 
-0.410021866315705 
-0.15374406155498 
-3.40445499941087 
0.674558915966067 
-0.696629532472221 
2.27967758077608 
-1.62517960953101 
0.144503693382402 
0.441984392865808 
2.51376316437443 
-0.765064664765227 
0.805773435998975 
-0.881486795226868 
-0.727383379698175 
-0.786673566199033 
-2.20075244472539 
-0.63376248323107 
-2.64753833708635 
-0.270059644443411 
-2.33433745904159 
0.00968742118812404 
-0.207262240890834 
2.55064994840098 
-0.754110071744282 
0.971818790788829 
0.366255851450114 
-0.0544109100523051 
1.16168195329693 
0.638790092582954 
-1.26977914680353 
0.604337145038069 
-0.173314409140995 
-2.05666158424857 
0.44769169544969 
-0.0473260931713932 
-2.77786708026583 
-2.21782878477464 
0.203300507049876 
-0.722646692996625 
-0.0677631119967072 
0.442421462544288 
-1.13471255610406 
1.26588857339746 
-1.0429912651226 
0.582128197904429 
0.104945198472738 
0.266912179697216 
0.758819445671502 
2.14401065704335 
-0.145682939900803 
-0.607830568075087 
0.0446746632191098 
0.460853395500498 
-0.0272046681709999 
0.331994074197406 
1.61002553255788 
0.0722010565855127 
0.386932406230824 
-2.06175512123781 
-0.804585856539672 
-0.631826050913851 
-2.52583627940762 
1.19061109992174 
-0.984697527045764 
1.31058616319521 
-1.86801171404403 
-0.212345112046894 
1.93985082829121 
-0.29711816962333 
-2.13695939451786 
0.881298086165158 
-1.57108685424858 
2.29762056588741 
-0.146320256256987 
2.27769852982739 
0.632508303760502 
-0.0521540108246474 
-1.08525865913776 
1.84528050354466 
-0.290217676815274 
-5.1299927116602 
2.22299589473067 
1.28779781830254 
-2.78333530417477 
-1.35981595828022 
1.9562555196475 
-1.38700625033806 
0.20881641260957 
-0.516921245564307 
-0.521739835138546 
1.2123337756579 
0.900386147040856 
0.716830680362264 
1.72446668946519 
0.83668922509183 
-1.94627438000797 
-3.72369415632041 
-0.798019352588387 
0.0601383677799359 
1.05161928542409 
-0.833045742966271 
0.170120614909061 
0.759514781586534 
-0.601937853251887 
0.417917653806501 
0.189249673153431 
0.36750542594031 
0.233706122077126 
-0.378329247556001 
-0.286937154688193 
1.24985285260541 
2.43482633655208 
1.86191663035311 
-1.0747622451634 
-0.687104955270514 
0.0965671649853495 
-0.180370914533276 
0.356022360053981 
-0.994914421544767 
0.805086831791137 
1.94444491095247 
2.40263084804314 
-1.58114123941697 
-0.787249161360163 
1.04094784100467 
-0.328767619242753 
1.65168367937426 
-1.21164293264941 
-3.1043328277056 
0.372715825385436 
4.2013554260419 
-0.276558949859531 
1.71496640482796 
2.09894672450091 
-1.2979372601453 
-1.15429132494898 
-0.666906431673088 
-0.51866382568546 
1.01944407377168 
-1.39347090441494 
-2.40484371284137 
0.981545544228327 
0.756210177132783 
1.42957353419002 
1.42703487396698 
-0.709436216303325 
0.397721942282214 
2.54269480556611 
-0.997519465701745 
-1.68323798700017 
-0.410211430648137 
-0.668339151852485 
0.254888052869313 
1.99441313890238 
-1.92474801900006 
-0.476057887098697 
-3.05307738580718 
-1.9514289445905 
-0.674350208929645 
-0.893204127783546 
-4.02146016685651 
-0.204340880524007 
0.743600415209172 
-1.41226879943974 
-0.900617715262675 
1.22039546581399 
-1.78121799837248 
0.799179991631426 
-0.084939805759666 
-0.635287501354752 
0.407087030168764 
0.0855050461157528 
-0.982667939706463 
0.158634865240285 
2.56048806436779 
0.576928364889827 
0.751921791164887 
-0.29626761028268 
-1.20119498422667 
-0.888399970550613 
1.14567282170992 
-0.627263905798516 
0.393429518189303 
-1.730006959968 
-1.91569360245706 
-1.05121578985252 
-0.852986183466577 
-0.523980584232259 
-0.530949641072699 
0.870853285949176 
-1.93436215650928 
-0.75634703235563 
0.624423543734009 
-0.481647670594684 
2.26683591596192 
-2.01561758001335 
-1.81194402191875 
0.807756205228951 
-2.50655530931433 
-0.883099866815517 
-1.20840899109784 
3.25203125806852 
-0.792817941632547 
0.56364805871119 
-3.17301651539331 
0.310085317370028 
-0.816182508785607 
0.260026001724615 
-1.22652291886452 
-1.24702271156975 
0.466397087546983 
-1.61437168459915 
1.77264292022116 
-0.504684257508307 
0.516305969315407 
1.21517305346394 
0.262542128826599 
2.29623037344602 
1.14243065707055 
1.27692551714703 
-0.738175625576084 
-0.303444451242745 
-1.0764941662562 
-0.593146320759416 
-0.657084564529965 
-0.954229960366229 
0.919876437036955 
1.89219724602339 
-0.873200934840228 
1.1905665894354 
1.35687544476764 
-2.49481972816269 
-0.0274991983390089 
2.58664821340203 
0.965172343255447 
2.22901065382334 
0.609616264258737 
2.22380256126965 
-0.338211750789156 
-0.852901807321029 
-2.31146628885888 
-2.32789969169474 
0.993400955370277 
0.808172096487308 
-0.690668005890616 
-2.99781931748744 
0.290319652695515 
0.836721087856529 
0.747416725821698 
-0.782423546150104 
-0.226367552804626 
2.44737285495585 
-0.0252534655858829 
0.797306930557022 
-1.29962949143403 
-1.14334511849035 
1.63983893735686 
-0.975018552042069 
1.42086340589664 
1.87114564410978 
-0.209875599240575 
1.09753705128384 
-0.333929664905575 
-0.0682746336193217 
0.101252196899949 
1.86171430965112 
1.25448842833781 
-1.7137351120546 
1.35276264391922 
-0.951384670294406 
2.07821851067935 
1.19237030093975 
-0.753084990089735 
0.385836322433326 
-0.206586449971055 
0.463408303937314 
-2.69956011172037 
1.41764001092627 
-0.314213747166161 
-1.95373197914993 
2.83410213144154 
-2.46277613706484 
2.20118566197403 
0.332476362997073 
-1.23386576345519 
-0.76713842975116 
0.153908118495684 
-0.469850348539504 
-1.21888354618319 
0.69277115655353 
-1.1379824923039 
-2.1454892793103 
-0.781345793538479 
2.67081028011542 
0.560222409650803 
2.76174686486529 
0.328226447665862 
-0.0283291004408495 
-0.98304597733419 
-0.14172293416096 
-1.01435810515721 
0.650557265443767 
2.07075370362186 
0.235152708573373 
-1.4071193042086 
-2.83538824777021 
1.5134854184521 
2.07642088203128 
-1.68456748686405 
3.18982812165578 
2.48381372639796 
0.0284202739402726 
-2.68636213912131 
2.73827298774599 
-1.97783151799699 
-0.828409806766196 
-0.537194776467803 
2.10687411771856 
0.99695232976153 
0.874671846728039 
1.2215136096034 
0.156527642936585 
-1.3958521152601 
-0.47891095981904 
0.98908731380788 
-1.62829029519968 
-0.315876496266535 
-1.17822186483556 
0.139958717683088 
0.0273246744505365 
-0.0398209988113063 
-0.689337940401222 
-0.998622230873858 
-1.68425228576805 
-1.63016843718756 
0.223603094856302 
-0.864615995488144 
-2.18488299594678 
-2.05353366969528 
-2.19140206327332 
-0.527382990485259 
0.0262716537178654 
-0.672065526922857 
-0.682074188070346 
-1.49238734218155 
0.130224987544884 
1.44086846080828 
0.41439758409644 
1.17425432342007 
-1.02235553232789 
1.62700415217669 
3.34309835080535 
-1.38501929713699 
-1.3282468178734 
0.255612792606563 
-0.297530243595364 
0.855846174244583 
-0.564711805303841 
-1.13757959625298 
-1.23223200399526 
-0.408816806397415 
2.43686304448179 
-0.90124066970147 
-0.00704194302863548 
-0.631817544007276 
-1.68592177696138 
-0.824489818030978 
0.666573876299113 
-3.9727986418023 
0.462338259936593 
1.00930135602157 
0.160346482589351 
-0.444216603845053 
-1.15833704980862 
0.0190666414335354 
0.486069041335004 
1.2880954083192 
1.35331419982642 
0.900601604936039 
-1.05041872035616 
-0.287322025576384 
2.87249901931333 
0.445620767172516 
0.569930678274536 
-0.220450361421518 
0.629855759427711 
-1.02352268874406 
-1.19061458512962 
1.6383317242808 
2.23624099376404 
-1.14060485349146 
1.56000941183855 
0.371607308733258 
0.791096762981105 
0.506190564524886 
1.88144987392013 
-0.619244117919918 
0.899426597472004 
0.629309069932286 
0.442417622299566 
1.68895990809827 
-3.18724617855798 
-0.616957582787166 
-0.848649585318532 
0.317273776593179 
-1.5048716605724 
-0.831372957060565 
-1.64734753524488 
-3.81634304318916 
3.56991163535174 
-0.579801914015275 
-1.41896210237283 
1.6890757280227 
1.1170653984829 
-0.286183422536979 
0.316900564481185 
1.6541406061863 
0.566691460913809 
1.52387787869054 
-0.36767360728017 
-0.787989735285706 
0.0788718035297616 
-0.268840938426078 
0.49591790790909 
-1.2801657298071 
-0.38266129958185 
0.400422704419555 
1.6145403588201 
-0.283308533985647 
-0.0608028751993521 
-1.1525355026723 
0.468996240077763 
0.505115319086489 
-1.31618168742743 
-1.32182278851009 
-1.11611730436862 
-1.084577300018 
-0.469310835638385 
0.46244859602554 
1.43930467804882 
0.636132510129102 
0.387408555018084 
-1.28682580283008 
-0.837822430608256 
0.974192794270471 
-1.32483865036484 
0.182713551421436 
-0.123696812655431 
-1.37915218216653 
1.37656977280219 
1.77662958383419 
1.87739682427097 
-0.777853293418994 
-0.387583756318046 
1.63772285519385 
-1.01957804083092 
1.11254128956426 
0.358144034213439 
0.263571744278331 
-0.398163132486369 
0.129412667380652 
-2.21912662346162 
-2.05407281001908 
-0.865324973824684 
0.381879696382653 
0.649386607784127 
-2.08746276898258 
-2.40944426958899 
-2.1440348283048 
0.171803717408097 
-0.314024567585063 
-0.220670870595702 
0.636755772411099 
-0.377164392403321 
1.19679718591461 
-2.6886497153911 
-1.35807005554599 
-1.01194341637308 
0.617074686854725 
0.88317885802268 
-0.0886412045856879 
0.861679702562168 
2.23070395931871 
-0.881736226577918 
-0.381374330887928 
-0.588726666615844 
-0.944626630486882 
0.0428233496237461 
-0.375477062125228 
-0.32449147655664 
-0.273299265645984 
0.945048544147289 
-0.925667021592144 
-0.693732371842786 
1.40088098214739 
-0.487260574056223 
0.657431961033755 
1.38653179180382 
1.12020105428591 
-0.79430359970019 
-3.27597224333148 
0.706113012930282 
1.18922752292569 
-0.330860675203653 
-0.799774140826544 
-1.59272794450256 
-0.312401160944782 
-2.23257361812848 
-0.0808879553565215 
2.33948232644677 
1.77943094601256 
0.964241725470605 
1.6580733282522 
1.12274461490931 
0.910292817713532 
2.29562402937511 
-1.23835008656953 
-0.906045489598432 
0.564147682241192 
-0.748977506369492 
-0.683354730093859 
0.271464364382997 
0.563554533621367 