-1.11343707774009 
-0.000414654337916209 
-0.529893592528707 
-0.224706932567834 
0.942478420732398 
-0.579434970878365 
-2.07575012405533 
-0.585283406839079 
-1.59465853482874 
-0.494908618331581 
-0.275790340058807 
-0.632323292222242 
-1.11805608662114 
0.0470892907353113 
0.582635056249458 
0.281193549691002 
0.969512317135468 
0.591919216054341 
2.00451120718945 
0.690914441799345 
-1.93675680927442 
-1.12140838740323 
-2.51388135939557 
-1.6346306542195 
0.616703949286919 
-1.58389128939165 
-0.686485609732022 
0.611396865864401 
1.53692582711123 
2.11450266644908 
0.595618322268539 
1.20578100034196 
0.627112477532781 
-0.0606895813854109 
0.163461933258122 
-0.872106738013985 
-0.541991496110516 
1.19589543652212 
0.881973785441235 
1.33411746225881 
-1.60475844659164 
-2.19261600163224 
0.932804172903134 
-0.77377069274904 
-1.66288743850204 
-2.04988003816106 
0.606980802072866 
0.350180051279887 
2.98622377202223 
-1.08527296355698 
-1.7753022974593 
0.904566373248556 
-0.417293340166384 
2.34240685232166 
1.81704440735055 
-1.75862786331826 
-1.30222331903942 
1.71435395612069 
-0.602811427415141 
-0.0824149983802605 
-0.823966624509811 
0.519077363151197 
0.717316868534109 
-0.0974745516801995 
-0.176973583886431 
1.90979982193257 
1.22176549474408 
0.028057787602435 
0.585784490654552 
-0.144975121424362 
-1.96699101700172 
0.578446150860774 
1.36186080230274 
-1.61268859683264 
0.505960024597004 
2.08373735452527 
1.81422167235378 
-0.741448811530446 
1.37373169322483 
1.09746749408533 
-1.29896193174584 
-1.09912974086149 
-2.07188496450511 
-1.29483868225427 
-0.745556911266472 
-0.586744211644218 
1.1707943504577 
-2.21152751423891 
-1.30537217685608 
2.00057759659796 
-0.50476218161406 
1.74952141105335 
-2.19213790823236 
-1.14051262306737 
-1.64817417742778 
-0.138829105382423 
1.65539833506657 
0.225558328899187 
-2.95915855767831 
3.02426234010264 
-0.0895865814883547 
-0.36894271580883 
3.30748607865439 
-0.0786730016182458 
0.164709217409073 
1.69242148417807 
-0.441586315305898 
-2.57004929573081 
0.975660039090082 
0.601515625762391 
-2.03230668217031 
0.0464821844549034 
-1.60015865909957 
1.33912013301707 
0.320785303361769 
-0.971420991835837 
0.855181595051199 
1.30526478777933 
-2.44897828678327 
-1.662210944362 
-0.094805202595758 
-0.817801899901694 
0.481032208000763 
-0.657108229807847 
-0.932809943807247 
-3.34576722995567 
1.37623922175377 
-1.41084046921922 
0.386084482251969 
2.58754062200034 
0.774011145032907 
1.35758572190877 
1.0291178371602 
0.105322578847747 
-2.40758883206361 
-1.54617149528213 
0.544371102898595 
0.151841830135368 
-3.51587062126197 
1.4372755950808 
2.05452998285157 
-0.0406814710318104 
0.0911755864081079 
-1.40638932954328 
0.585697562906651 
-1.65355694181885 
-1.72629434111768 
0.566100386711753 
2.32851135318191 
-0.693394278758638 
3.58765205023179 
-0.611884061944789 
-1.40333277574921 
-0.0240074445664898 
-1.2559102995235 
-0.423084890086562 
-0.60656471806438 
-0.406264629391188 
1.53610797240308 
1.13825228431427 
1.87102328394956 
0.106972506637966 
1.00537356905784 
-1.41865974883365 
1.11286554561263 
0.237725956751249 
0.30737240262761 
3.28820545595736 
0.267368276973904 
-0.699101651362753 
0.0151765443162905 
-0.10562557191049 
1.45496203137115 
0.488091932222731 
-0.459889174243187 
1.66409948860421 
0.850717316921939 
0.0678221105261148 
-2.36094752625061 
0.189848127379878 
-2.27453698453406 
0.839188542713461 
0.0305463935730967 
1.35562900684571 
-0.519717710339777 
0.441542339595061 
-0.334752742624741 
2.09775430276908 
-0.194821343581742 
-0.711288802986711 
0.0365615176463776 
-0.183882925357107 
1.16239545783815 
-0.629948599879435 
-2.01628087077374 
2.26979865690133 
-1.22881430662947 
-0.773560169064768 
-0.898659746929788 
0.908495508004952 
-0.622009676296085 
-0.438867805873783 
-0.921506321486564 
-1.17470683693525 
-1.01066106931362 
3.38038346729006 
0.100379486135916 
-1.60220979520877 
0.888086959947514 
0.394340664831317 
3.17913913162037 
1.51971693851881 
0.122743532217877 
-2.33072390638896 
0.740767927881017 
1.28288862549859 
0.386794684032619 
1.1030291460709 
0.873041164586432 
0.67233089355655 
-0.65159744107464 
0.859684515033298 
1.89380191272873 
0.94145011129817 
0.11133610043786 
-1.8079458357401 
-2.17467761584076 
0.762397021691235 
1.35140950689139 
-1.11221149203559 
-1.15234054645043 
-0.405615665245923 
1.61634142375289 
0.530062602060142 
-0.568891903044811 
0.438355566531397 
-0.67274640339858 
-2.95459270281275 
1.70586584187383 
-0.561873208639734 
2.05248201347231 
-1.20031483127769 
1.73122707017426 
-1.15812770212423 
-0.478260678091355 
2.20972364711402 
0.413740961095838 
1.64498245139865 
-1.67170282383336 
-2.81765003762568 
1.91036752330362 
-1.1634493993619 
-0.455036829793665 
-1.86738187133483 
0.808458995877824 
-0.32483668540918 
-1.0623185769897 
-4.3683144645377 
-0.845384400575736 
0.303142142988665 
0.538802772015489 
0.279782214339193 
-0.452681775932555 
-1.29913306256093 
0.281834991965643 
-2.03689176532275 
0.587956269621486 
-1.75305279807308 
-0.704305315902414 
0.19471463451985 
-0.105257689037463 
0.310638991383419 
0.961219631658393 
1.60485776583285 
-1.866348513912 
-0.46847651767943 
0.93510666941531 
0.834109900889081 
-0.24162961168277 
0.610061553505919 
-1.99656118426046 
0.835312510509271 
-2.28061542984979 
-0.217911095320273 
-1.35067054547712 
-1.39944127309303 
1.0986503470879 
0.737039697795834 
0.0948880754570449 
0.255633384022047 
0.386869851649076 
0.244763396793445 
2.38005653042342 
-0.668219298113696 
-0.526822851446384 
1.64667440358687 
0.695916639471339 
0.449197621220719 
0.0692036026047402 
-1.06589019759353 
2.2952290949162 
0.678507745587629 
2.31548578291551 
-1.32926688299275 
0.479570895881498 
1.02300594163868 
1.46394817561087 
0.260058187198393 
-0.0492742936238029 
0.0497893229325063 
-0.247428786698669 
0.790052197791852 
-0.213817916082296 
-0.458451020437133 
0.786565808138076 
-0.212096570274012 
-0.513317825426816 
1.29947947318997 
1.50857670509333 
0.489440694327095 
0.49429234410638 
-0.360392360670156 
-0.147505000623383 
1.4670499720549 
0.350614120887574 
-0.59616101603906 
0.788600118213708 
0.0212550419895092 
-0.934071479222911 
0.0011329589238992 
-2.19912308392839 
-3.83829365732094 
0.465842867142372 
-0.508907232601538 
2.08056284159391 
-0.230813743640119 
-0.11146957475679 
-1.38588302552142 
0.634526155054529 
-1.20058998825262 
-0.0604316768882553 
1.52136042734625 
2.06795569738067 
-0.984742844395777 
0.119861824899784 
0.523060853341354 
-1.76708863030366 
-2.20936393558695 
-0.236889044944385 
1.36219776018942 
0.0787220814815651 
0.469355999673808 
-1.12945621193622 
-1.21067344630166 
0.151406019299506 
-1.04366596020289 
-0.159764976010618 
1.39626041065746 
1.18519617085641 
-0.384833051630626 
-0.980918812747175 
-0.401234344895621 
2.06718026618242 
-0.808429275911918 
-0.968134606961626 
0.818729440034113 
-0.781166363484174 
0.673950132973685 
-1.47668617002356 
-1.5542089926734 
1.06777395780881 
1.01317231426708 
0.411279872970154 
1.88159308010171 
0.312301297599063 
0.944124120651509 
-0.903407727985911 
3.79426666375424 
1.54963064766639 
2.73370455738433 
-2.49330275515061 
0.272209256687891 
0.511673134660528 
2.29089668138611 
2.7006338736989 
2.86974684554954 
-2.14022103035773 
-1.40356141352547 
2.14005321821318 
1.87540109425554 
-1.09481535912529 
1.65007504919748 
-3.43099192863116 
2.96941994421312 
1.82593200179054 
-2.19315752457097 
0.707952311999871 
-1.39279944199605 
-0.0626798114406376 
-0.170459419194343 
1.75290124204752 
-0.588582019430627 
1.77601162136662 
-1.1387048646459 
-0.760323658482242 
3.96723576695273 
-1.32881315053427 
2.25103779911639 
0.910738372558383 
0.0205064916562712 
-0.675006973402366 
-2.20668001840048 
1.1608912358838 
1.18919843208026 
-1.12019377292363 
1.32417021070055 
1.92011632224378 
0.650440509468206 
-2.41090705137297 
-1.49501822827421 
0.724327491305314 
-0.710757181766763 
-2.72462561390583 
2.47280493259263 
-2.02025004569792 
-1.04195286413989 
0.580467972531004 
1.36715982215292 
1.27702219571014 
-0.777098844413384 
0.903110584899488 
1.63790367349379 
-1.73451271321997 
1.44259844394685 
0.807301242709447 
0.543335603325513 
-0.905790734202449 
0.694936099016054 
2.04300462581807 
1.08182748925734 
1.50823348297949 
-0.804327244608454 
-0.853297579248066 
-1.9690897142556 
-1.25635426918548 
-1.21672332582863 
0.13562948369674 
0.240037980788974 
3.07768761386741 
-1.00834051848962 
-0.0663660938320594 
-0.613913236604734 
-0.53368055274989 
3.15320211053506 
-2.38594194432685 
1.97396172846163 
2.46067214638176 
-1.61155072438869 
1.77445087899319 
0.156115614404768 
-2.26987024529334 
1.65486218434132 
0.0329624812444165 
-0.159675911124593 
0.476356335219228 
-2.2363695375789 
-3.20320700104076 
-0.569837804541457 
1.39460290419408 
1.9409860048741 
-0.381642654794291 
0.386603726446024 
0.920918374222539 
1.28911577834087 
-2.21098095691923 
-1.59151180198141 
1.41224786370863 
0.235805889078067 
2.27527793986566 
-0.324430675404332 
-2.03256156330608 
-1.45704953546042 
0.793117741125405 
0.425360687164763 
-0.880863981955605 
1.08251403737373 
-3.05090676659195 
2.02259250623512 
-1.70772866482921 
3.20392644790525 
1.50379981017326 
0.634003864449815 
-1.68904245293139 
0.783711485980665 
-0.692247969993848 
-1.23048647672589 
-1.50412626426009 
2.64615761511883 
0.69578221832158 
-3.55286899692442 
-0.406931544257494 
-0.245146899219321 
-1.45284771186329 
-0.3360512205379 
0.158769396221664 
1.01734663918009 
1.68852998093541 
-1.24728476659518 
0.637451475675924 
-0.241959970974181 
-2.94561125334314 
0.50886648726125 
-2.84844231868881 
2.09011169603437 
-2.77180407567872 
-1.60774822818775 
0.951966640321871 
1.11385267067509 
-0.733055252778701 
1.35888083630488 
-0.1568036489897 
3.52147944072648 
-3.11793896026799 
0.483446393951199 
-0.815003228754827 
0.547846742494706 
1.20272876788883 
2.36852836862003 
-0.634738628513204 
-0.370948274366812 
0.410409440345283 
0.641739675097755 
0.0807089465709169 
1.55952110423973 
1.43316617579825 
-0.963680438386258 
-0.674932959079731 
0.681577753919664 
0.110287767407141 
3.18826787680897 
-1.32173020826014 
-1.0931423340275 
-2.93410666871935 
-2.22741997560907 
-2.09730869804976 
-0.117281803236254 
-1.21337276495952 
-0.448509372468646 
0.597763070310273 
-0.593944556725624 
-0.621067785260226 
-1.96098610478361 
-1.87654322121924 
-3.66983633241418 
0.12970390697383 
-2.33465683245858 
-0.153377555145353 
1.16374017863479 
0.912974426733323 
-0.136724632717967 
0.107200996480236 
-0.361052777800863 
0.335761288618538 
-3.01079863516291 
4.43390863842611 
-0.609364275765717 
1.55110130139482 
0.689182204153754 
-0.986645183646061 
0.76198078323922 
-1.93296872717133 
2.34717506915662 
0.9053167303905 
0.77762603101073 
-2.22221036999129 
-1.37741259235369 
1.61150628250462 
-0.696240756684099 
0.373453542530613 
-1.19131265477375 
-3.22623344477083 
0.462618631300957 
-2.60949471103192 
-0.161561658874249 
-1.62501380741042 
5.54170455452983 
2.67965643591558 
-1.33813740260458 
0.428581742026908 
-1.50462921105366 
1.64527876506308 
0.597432117757923 
0.0344661357014274 
2.07851477326587 
-0.464133760763506 
0.420245967230187 
1.7485885854126 
-0.293193723105774 
2.41830259895822 
-1.44066691261701 
-0.18449105453925 
0.487700469344685 
-1.38064458326605 
1.25095294345432 
-2.69891150376001 
-3.07089145505298 
-0.328221767522136 
-3.38386717230917 
1.85374432485734 
-2.27492673891292 
-0.125444428038885 
-0.84242543071075 
-1.54563008477332 
0.826229278485251 
-0.270340821352103 
0.60107120768009 
-2.7767235671684 
-0.363247034783932 
0.389996104690043 
-1.36506031562461 
0.338920673926322 
1.31836698020366 
2.29415147870474 
-1.36055621008636 
-1.36850758995933 
-2.07041592401151 
0.612487367892615 
0.191610295395675 
-0.382132695520231 
-1.61983624956103 
3.60397382364271 
0.462272657022812 
-0.952922671537844 
-2.12490136640284 
0.840110022776776 
1.85156230327503 
0.444628524891062 
-0.566172379159425 
-3.70655128117242 
-0.50714141147542 
-2.85815365340391 
0.333839531399781 
-1.26689003875183 
-0.805777745336362 
-0.496163578829103 
0.703799638195611 
-2.28661079755375 
0.0998037264758 
-0.195992129048035 
-0.670363054236544 
2.11485856619227 
-2.76739516396233 
1.67212137207704 
-0.926242744583453 
0.83937067780365 
1.30659127011894 
-0.209088666493644 
-0.430556558604631 
3.74848108051099 
-0.0049718863771748 
-0.285302472710552 
-4.65390886409104 
1.33312078147229 
1.23924237991764 
2.11150528593675 
0.61427194296109 
-1.00925055566637 
-0.543739932109318 
-0.857547143094913 
0.0879009270575077 
0.330613030071383 
-1.80836692673871 
-3.90332183362205 
-0.979968192261269 
-1.9396709111502 
2.21882552895175 
0.136295039557031 
-1.16961061127688 
-1.75424119830492 
0.657480043317348 
-1.12455285516027 
-0.170594354245196 
2.97539168021099 
0.0109406101732397 
-0.699838732589358 
-1.20912654644845 
1.08425430108749 
-1.33888021071031 
-0.987992350198668 
1.05851374466092 
0.141969512806541 
1.88287824757437 
-0.154462634418874 
-0.569491067976266 
0.571093596371336 
1.13595676057942 
1.37637449964972 
1.03216448833719 
-1.42732515263031 
0.807283813952988 
-0.434962157051216 
-0.601442319944566 
-1.43802790173803 
1.5263099474804 
1.30438341435917 
1.24217443960251 
1.44403297192562 
-0.563884567969725 
-0.228543146241863 
1.89461750393875 
1.56884122320669 
0.0241092528967918 
-0.190019701991871 
0.408908169688516 
-1.54666397678562 
1.21753729507862 
-2.05261594632156 
1.84561723064636 
0.667069485223549 
-0.847718215816581 
0.937053891631258 
1.92647838649719 
-1.45439037455445 
-1.31174744855492 
0.790163226001909 
1.34016756045125 
-0.920747784239866 
-0.711817684194763 
-1.31078016080883 
-1.79293569268496 
2.076591955506 
1.04326729768208 
-2.21848245186432 
-1.15833341524216 
-1.05482262408914 
1.6074165545005 
-1.17693777771166 
2.0776347885227 
0.278744061597518 
-2.66955150210716 
2.86548981000488 
1.56098795223846 
0.464003964973467 
-0.737723047711934 
-0.122993986631638 
-0.241765367283431 
1.9945099886961 
-0.380737236538586 
0.492674011437552 
-2.23381055663612 
0.100159304538396 
-0.259324091891906 
-2.73475994184545 
3.03500019671823 
-1.10495389961624 
0.43302986755171 
0.193972208474659 
-0.976749545878547 
0.699210901703404 
-1.81167987814105 
-3.41099649934216 
1.36322191170947 
-1.43815182980385 
1.69730456494734 
-1.06283748400676 
-0.53867847674283 
0.226210774928818 
-0.0663215416827007 
1.27393517216067 
-1.80894048958871 
1.45576113004794 
0.132933888939376 
0.376111935559714 
-1.10796175429877 
-1.88846771735793 
-0.479751435771603 
1.69900839292432 
-2.56235744012355 
3.09816530841318 
-0.651132590418746 
0.180018135397963 
1.38415517230335 
1.34911492840328 
0.321644404949269 
0.151621882777927 
-1.5418697150292 
-2.39950514791888 
-1.81689503537626 
-2.26107327625789 
-0.694182645704792 
0.693971519567874 
2.89278207108118 
-1.72493104607295 
-0.439167362384108 
-1.09733437868542 
0.445821220088405 
-2.57212966042718 
-0.971787040480783 
-1.7519420354132 
1.57275604938656 
1.52646509533324 
-0.642248470955162 
2.14669149809066 
0.922928067782466 
-0.100842309480117 
-0.948142772532228 
-1.04100315894636 
0.105315524276357 
-1.99768848201869 
1.19642079949399 
-0.363460277744692 
2.51017686986624 
0.192830457091394 
-1.94435163530686 
0.369250498698792 
0.691021138867984 
-1.39287627115063 
-1.71700802334458 
1.22449985806502 
2.07658684308607 
0.88684060042752 
-1.83251540433096 
0.128204201069151 
1.67042642613393 
-0.842969152031749 
1.79037172595193 
3.45273466315931 
-1.71138263682606 
-2.09483997085471 
-0.0842135478705504 
-0.666681222276479 
-2.48945305067038 
-2.98585367191363 
-0.392902493125743 
-0.529736784806501 
0.565072209411374 
0.492945562423322 
2.63868259458076 
0.832182887509492 
0.476018465400932 
-0.180117037973962 
-0.556831606002668 
-1.28693474018082 
0.55587767227943 
0.99430665142091 
-0.089224675895256 
0.816759651770922 
-0.356025134259805 
0.417157187958203 
-0.793542922768683 
1.16747392140645 
2.37817168740941 
0.266344992522737 
1.6745737577815 
-1.31141015528284 
-0.103195928263965 
1.12149631383099 
-2.44201830433747 
-1.2147118490627 
-0.979793894853387 
1.55096987665419 
1.26467659201021 
0.0586686975068873 
-2.16807293081027 
0.71577577429266 
1.01750731299753 
-0.0245606269960478 
2.63053772809199 
0.833545031296175 
0.73987896528886 
1.69307016492845 
-1.53508016808991 
0.464515940264325 
-0.452431374301891 
0.308002969190341 
-1.22465888023151 
-0.421115325758338 
-0.113504499431747 
4.44777018344123 
0.679870611814122 
2.92635766698473 
1.72983590702574 
0.779968563440808 
0.0244082681368181 
-1.15219282411692 
2.22090392274964 
-0.477997782232312 
-1.54813336629189 
-2.56731610129705 
0.104573523769788 
-1.54064379547495 
0.708906594981001 
1.47666850097759 
1.54363810158606 
0.334273222169969 
-0.313498490484461 
-1.28992466161735 
2.25976333132423 
-0.189728056613765 
1.14257726272754 
-1.03726301873983 
-0.481648149348986 
-1.79402978942696 
-0.68384813865164 
0.434841052871862 
0.891900903114836 
-0.322164881716047 
-0.426716783170653 
0.316395706129301 
1.49499379198587 
-1.54410014271393 
-0.438549172162944 
-0.272060565081896 
0.62308522278735 
-1.80285893660652 
-1.61224152302966 
-0.366469213675306 
1.34021485985231 
-0.771640966955055 
-0.0896070244660349 
-1.7563718491536 
1.39075149339095 
1.48073527648743 
0.725580687466401 
-0.125677773348499 
-1.52135704536001 
2.01311614459437 
-1.54334942773116 
-0.198118453862937 
-1.27526267824498 
-0.186330120235617 
-0.396890463434042 
-1.20934832147386 
-1.11155455266081 
-0.987086600292561 
1.10485543355012 
2.98030833814585 
-1.81961131181189 
-1.93480658742147 
1.83738770871093 
-0.0921215843870388 
2.36831146891563 
0.794572515569123 
0.826834482120406 
0.715393413036291 
0.772163875496789 
0.0477104129030838 
-2.21747936391813 
0.824783498577848 
-0.73330236189586 
-1.65507166768791 
-1.31238639547315 
1.01111357487609 
2.1236679604122 
-0.755201754536911 
0.120745061095651 
1.56554112195324 
-0.898896563666051 
-0.657562259460976 
-1.08264363773594 
1.42848960667012 
-0.893989562113829 
-0.461809318854981 
-0.223876023272232 
2.14644085264616 
1.72683423475193 
1.34166579131704 
1.28572385841685 
-2.13822219558023 
-0.118618999167621 
0.06077689120851 
0.579021046351235 
1.38812929617147 
2.26678869069361 
-0.883751513426651 
0.0398165408427204 
-1.30265577530602 
-1.38487490900284 
-0.24074947701534 
-1.58401376439184 
0.613584408874081 
0.505023128930964 
0.661258842347955 
1.63697119301577 
-0.791630557589132 
-0.230658620799561 
-0.010314309148113 
-1.39275996603342 
-0.919470902291269 
-1.21016397365812 
1.52129954322473 
-0.378656270045709 
1.61019044418209 
-2.03343400206026 
-1.25014255286495 
-0.396487567837767 
-0.190561144424508 
1.13600553138049 
-0.147248097412408 
-1.31728789208388 