3.46499577922588 
-0.834908129602902 
1.1709042540741 
3.42545553195031 
0.113459984222105 
1.38598196946037 
-1.26927686032959 
-1.98961261047076 
-1.47030040160371 
-0.662715328184369 
-3.5554104397802 
0.00883692187701911 
-1.0442506827617 
2.17251554075171 
0.328204194579166 
0.263440143642016 
-0.206245520058314 
3.12314340592942 
-1.4120542982043 
-0.671371072791798 
-1.01016652330291 
0.837378768238771 
2.83935044462897 
-3.44867788330678 
1.93884252978743 
-0.566242856881172 
1.0340633962556 
-0.91870660926811 
-0.143143680172178 
-0.182944923454066 
-2.19704554432713 
-0.136130085062362 
1.35068734334243 
2.13148031328697 
0.918386301340344 
-1.41828974628854 
2.17126255526386 
1.26403354332242 
0.465478357767171 
-5.05916507356236 
-2.53736438667457 
-0.547882943262131 
1.2090047420529 
-0.453723389935297 
-0.606226663455628 
0.0148208605705038 
-0.457608555526273 
-0.752215905456868 
-0.915769875620489 
0.0228741264827665 
0.868921484176474 
-0.776748242430168 
1.8204646071115 
1.62174673845025 
0.329482749574294 
0.222265211542124 
0.0708329136414205 
-1.19893682528589 
-0.527767797983309 
-0.424961802576792 
-1.61819964259853 
-1.09990614738788 
0.508407075814283 
-2.90563471770975 
-2.91838852963439 
1.10117475018443 
-1.91253316745879 
0.779976905765333 
-0.210370703746403 
0.661546088105217 
0.189260779548626 
3.43437408204612 
1.43947994944708 
1.68487622431693 
1.62922010127862 
-2.60766275204001 
-3.40091817584024 
-3.71249070553963 
-0.959500172326319 
2.49187751317858 
-0.913321532585448 
-1.11210521890551 
-1.19711674724054 
0.7687213339492 
1.20296901006262 
1.8873583063308 
1.32791271149606 
-0.722349981055029 
-0.808015463229807 
-1.21772887295395 
0.414768828288683 
-1.19163492603092 
-0.73661009524067 
1.03563625443237 
-1.6245235628203 
-1.28327810290055 
1.77068639109775 
0.163393158970551 
-1.26129240702533 
0.820077674756379 
1.42777758784216 
2.51701665741431 
0.168980558090401 
-1.14509141253212 
-0.676861298251942 
-1.599577817972 
2.51105372956737 
0.863870253043109 
-0.214440509311181 
-0.600979199371484 
-2.67075828272185 
-0.00546897644376879 
1.04040493358032 
-0.824204163911047 
-0.265804543618143 
2.12146712245391 
-0.398207173231977 
0.670917546180088 
0.0684885181678794 
-1.83355483195639 
-0.729673389690733 
1.14419023005932 
-0.747488091495271 
-1.57653988417216 
1.16387902274744 
-2.05520381620935 
0.717277818930761 
0.166294625750762 
-2.00421272651252 
-1.25550696305719 
1.87352678331861 
0.783518419965064 
2.04044185303707 
0.062123929595675 
-0.21104852667838 
1.84624699238317 
0.288109721315284 
-2.00650812578605 
-0.0363382123294365 
0.804764238078817 
-1.64079826306871 
0.184382554697412 
-0.684159002196147 
0.729103019550312 
-0.15851202456864 
0.00696344932642146 
-0.344815496506859 
0.692528893534235 
-0.630353538324171 
-0.998576850862179 
1.10142272792105 
-0.513004381183412 
-0.446573252581396 
2.32584727561269 
1.16152414195459 
1.29811432876323 
0.782504062034437 
-1.65554972233055 
3.49840836007965 
-0.343522264363246 
0.468604094173406 
-2.39828203645256 
0.323565079560573 
0.530196723084752 
0.852336704990153 
-0.485530579992262 
-0.297155235545676 
-0.800026624038883 
-1.28559561852194 
-1.35353400483415 
1.36257176859282 
0.0136714000829264 
-2.45154911735105 
4.48738099654148 
-0.0522492020257695 
2.61674113746416 
0.168942889585108 
-1.15555541249808 
-0.416364394822623 
0.307913961855389 
0.488518171436126 
0.753731394456969 
0.485382083866135 
-4.59187474180636 
0.951530537831356 
-3.30177337886586 
-2.27855846247109 
0.497492770322288 
0.514895921671077 
1.59226803873949 
-2.59241991635575 
-1.64049691934749 
-0.336556288970791 
-1.03644978624123 
-1.48042985873216 
-0.488442877677283 
-1.78593166350765 
-1.55563704800905 
1.08270596836773 
-2.2249892721936 
-1.29682536989948 
0.962316451507167 
0.267573540781463 
-1.5767389944882 
1.24179358995359 
2.61283719742495 
0.887920677174608 
0.605045457060041 
0.238576136875875 
-0.940719461554663 
0.783451388283829 
-2.14256785064965 
-0.908083047656533 
2.65339617267177 
-0.54328534990721 
1.91866280296374 
-2.13142331288631 
1.85484973830798 
0.769571447622452 
0.652807436662023 
2.40916747060729 
0.465657443600492 
-2.01041383100483 
-0.588445009757607 
1.63574888447407 
-0.824081598039156 
-0.471480694650118 
0.393875945815847 
-0.285786624858477 
-0.944467242453862 
-1.67473615197944 
-0.675814857438628 
1.86922352644662 
-0.123271286142898 
0.638843008101582 
-2.42817901864259 
0.960994438475481 
0.876832603588467 
-0.801806463430419 
-0.508398664510314 
2.19447183346557 
-1.35021041642529 
0.693716242271938 
-3.18399027667586 
1.42246879773066 
0.188040400456854 
-0.248536914238329 
-0.55938568443561 
-0.187593637314043 
2.81667236932695 
0.461288650402884 
-0.49899997458717 
-1.30414908183378 
-1.25667370334157 
-3.20096352337471 
-0.574244270018502 
-1.04781390491522 
-0.157745683221695 
-1.46270812955431 
-0.361763699151993 
0.232713263272774 
0.947603043733168 
3.97930971932071 
-0.271369109926324 
-0.202623449671071 
-0.637784193492773 
-0.905768329516864 
-2.17814158028418 
2.62679674438765 
-0.034943968495897 
0.0334684632334648 
-0.534462645344941 
-0.337054908621116 
-0.75368847762518 
-0.229920351861045 
-1.12869063350662 
0.476751648420693 
-0.559035723791353 
1.20937935458239 
0.0753129522938929 
-2.11832835191067 
-0.542026430819698 
0.562781547974441 
0.672016021068909 
-0.335872223001739 
-0.164426502915317 
-0.034494762241381 
0.77013781347786 
0.757419358385839 
-2.57494398203503 
-0.843905141900089 
-0.102070978427822 
2.35648205482549 
0.619598844193344 
-0.524419605792332 
0.919749519541802 
-1.67053371283604 
2.49161898072493 
-1.46647103886721 
-0.188344184871542 
-0.428976531975097 
-0.178430893592028 
-1.46359454059994 
0.200279645851213 
-0.673542599806182 
-2.96875958309873 
-0.566804549475203 
0.254758337889916 
2.11612548194495 
0.520119397340776 
0.220335955101631 
-2.37636862451728 
0.964964016631803 
0.40603042952144 
-1.06058180301859 
-0.0933775974656163 
1.73322686153084 
0.744547742081866 
0.571834765272399 
0.782059908002225 
-0.265301887986714 
-0.959550550061053 
-0.430050242610495 
-1.61882990654968 
1.82134924502104 
1.02761665380467 
-1.76980967033028 
-1.11722645912458 
1.18197154391594 
0.738274548495403 
-1.15615071958997 
0.289299598281761 
1.02492498344901 
1.13596776795225 
-1.30358318634685 
-0.575289313448966 
0.175011404788037 
1.89007458524776 
-0.961195885879388 
-0.963315924809372 
1.4495863208545 
-0.149427771500622 
2.53586389861513 
0.440783662794764 
-1.42986431208713 
0.898899607578617 
-1.19311263145933 
0.605473077931616 
-2.0266568301161 
0.385055184071812 
-1.20749462109351 
-0.844361738313456 
-1.10044162482601 
0.192377978171808 
0.540570153076833 
-1.10864721684094 
0.907723093461114 
-1.07173875680074 
-1.54970987929127 
-2.21684220300755 
1.32309146601979 
2.02784382205342 
-0.111746926074315 
-1.32978186740042 
0.528429779592798 
-1.35480821798636 
-1.96992897405198 
1.18814167571595 
-1.89065122958332 
1.67698910565129 
-1.22893386270707 
0.825808765191807 
1.32786288400522 
-2.73226799528195 
1.6175007700164 
0.352101240124671 
-1.21259328519422 
0.783996131926752 
-0.50388049302471 
1.92011492082826 
1.01476949368995 
0.688295057532534 
-1.75254132861626 
0.493908503279765 
-1.31776216666173 
-1.11898043032191 
2.30347792590248 
-2.1060067847513 
1.78535737585772 
0.0800209604292309 
-2.27235551096444 
2.0696875540435 
0.18883021221145 
-0.430455332103761 
-0.20720163956657 
-2.38674651974867 
-1.49353257477738 
0.202741526245426 
1.17426588666663 
0.512765166996293 
-1.53412437475722 
-1.02553650701941 
-1.26083032029693 
1.35605200792693 
-0.177151345883427 
-3.96767692629305 
-2.98468390380432 
0.391728226633419 
-0.166234263647325 
-1.19681530638202 
0.408412198171923 
1.67060204516145 
-0.393138614679294 
0.534595772513065 
-1.77975692500212 
-0.554742417316046 
0.462211333052181 
-1.78841992182187 
-0.68406511670937 
1.42501175788298 
1.0681335622259 
2.25004587101244 
-1.42813391632017 
0.377602192013227 
-0.897308718487563 
-0.545429586231121 
-1.36762185551301 
0.647208577824813 
-2.06621974018247 
0.712786102780174 
3.21887588184162 
1.42769040916543 
0.903029334874202 
-2.33451443372034 
-0.403629880121349 
1.97159946475051 
0.681269757148283 
-1.37413157520206 
-0.475927204223764 
-0.667386053640245 
0.251063218272799 
2.17715686847922 
-2.57238193225964 
0.305189536349047 
-0.779977717500252 
1.20850569532291 
-0.65920005780082 
-1.73539584434104 
1.29836341378965 
-0.31667763770611 
2.15497907600432 
-3.3597007873089 
-0.277385373888627 
-1.3647559367168 
0.147204794344696 
1.7409931159499 
0.728886520978827 
-0.657855863484164 
-0.317444891705392 
-0.909382506442755 
-1.73947672248275 
1.0442244085071 
2.94289006070631 
-0.141322076423703 
-1.4909163179254 
0.502056798488654 
-0.0207185985053449 
-2.0732335585032 
-1.08532430560355 
1.618003088159 
-0.142058509407937 
-1.59098708751297 
1.31680819966825 
-0.81584411036417 
-0.335181574774938 
0.128380168346216 
9.41671638557962e-05 
3.47679117631076 
-1.92805211453952 
0.600668163353553 
-2.31451307575835 
2.91318686631397 
0.578908939083582 
2.98179772228054 
-1.77526925804741 
1.78912759058665 
-3.61996223512552 
-0.111341690494799 
-1.16513487342739 
1.08232739230576 
0.310035565319058 
-1.10955943495138 
1.45958779315406 
-0.44139066468649 
2.42338981045348 
0.880518114554718 
-3.19216162177427 
0.398260069117294 
-0.551770991913543 
2.55761178100319 
0.528616995354438 
0.644288729753957 
1.77657884181377 
-0.938222939857541 
-1.70729769608146 
0.153824691929576 
-0.416688380498443 
0.259554491086514 
-0.53412482565301 
0.786040388361715 
1.84305899346067 
0.413886233253409 
1.48164884164243 
1.7406209028583 
3.50263679057646 
-2.4741841097406 
2.86744196284203 
1.67031849873733 
2.06431750824573 
-1.13679485988687 
-0.461225166664491 
-1.16950381254034 
0.513531660347477 
0.742897119271444 
0.913871422219382 
-0.412399834386946 
3.83656277661303 
0.734288615858371 
1.67018164122357 
-1.03765178702584 
0.985174723285346 
-0.294933603737642 
-1.42908317586869 
0.572836703557946 
0.0171867079529282 
0.717411285987991 
2.24442529433985 
0.209858103418467 
1.80677997788013 
1.18805944412758 
-0.616834458533972 
-0.448306673181562 
-1.0643988767694 
-3.1255765742488 
-1.40951035121691 
1.58152586693348 
-2.62584154525813 
0.653130201318708 
2.71410931070538 
-0.894517637601916 
-1.56383370354271 
0.65668674592578 
0.0557501595404104 
-0.0866657530705344 
0.738585626688222 
1.79596511245488 
-1.77553293461779 
-1.34980298855062 
-2.38411906662014 
-1.52523201025575 
-2.70479027588148 
0.195771988686316 
-2.38373035090069 
-0.0707121451311166 
-2.01304006917209 
1.1634637897999 
1.21928893131692 
3.63103590856081 
1.67378757527632 
1.01278951736911 
-0.795440021151424 
1.24160831118632 
0.693219542054471 
2.4591598358218 
1.70239518464848 
0.815100808727367 
-1.55316965830265 
-1.41094133861774 
0.417148026562214 
1.12245552063541 
-0.152934829062602 
-0.985605847241526 
-0.474573968199737 
-0.190599851167422 
-1.07442650674933 
2.85216391043003 
1.27935885568357 
-0.861709019193858 
2.04069594155388 
-1.80298802308433 
0.257414134854878 
-0.801257262853917 
0.0771460738049878 
1.92836404053779 
-0.404764958599993 
-1.93967553582199 
0.937840378254163 
0.258118575906119 
-0.874574472343045 
-2.76739327781507 
-1.19514787013525 
-1.15261610818905 
1.01804668201187 
0.933351428858819 
0.81046865498524 
1.00398366930053 
2.7106450398095 
0.687963084786748 
-0.430669368195846 
0.0698717434226617 
1.77173943882362 
1.81024702433046 
-2.61061592846804 
-1.4139874168619 
0.19196719253992 
1.40327986031267 
-0.78205657413204 
-1.84000558259511 
0.486029621404393 
-0.800707807096002 
1.95438970257315 
-2.102634925157 
3.00185924777423 
1.09112768458125 
-0.166221952949515 
-0.271562067433328 
-0.983850923696206 
-3.51414394308613 
-2.05746835534953 
1.79641589524873 
0.84978472742711 
-0.757660967718064 
0.400437712144715 
0.523231331446733 
2.2447424739562 
1.28172572869065 
-3.11036070872217 
-1.3493519049448 
-0.816385639802978 
0.445795162243724 
0.795050757160543 
-0.958647255743243 
-1.86786016491027 
-1.10675439259864 
0.460840142731455 
0.278776165444457 
-0.66654350272141 
-0.8540657773733 
0.253782736545441 
0.223238786424613 
-0.494813884051943 
0.810628560189735 
0.739319527474206 
0.0565378927965912 
-0.695349942405284 
0.472846174536943 
-0.0241357506505296 
-0.609759595313007 
-1.53608940254472 
-0.918542141827063 
-1.81852161549559 
1.12081469216033 
0.16583565273537 
-0.156315229380233 
0.725272627895918 
-0.304596355548559 
-1.32599196385867 
-0.36838020638645 
1.09852528470316 
1.42737395786369 
1.02527349033197 
-1.05415812682115 
0.180907154818536 
-2.1549529647373 
0.0783805090331707 
-0.795119437695401 
-0.456739491895868 
1.05401558690685 
-1.02481173495643 
-0.458469829645332 
0.68001739627393 
0.773464536153021 
-0.602542768009178 
0.582934871347473 
1.68530271078116 
0.659708546387874 
-0.26386585629732 
-1.42321878209013 
0.481694139027571 
0.17346349973968 
0.572944277497943 
-0.505315469863505 
-0.016832918349329 
-2.80039609025078 
0.052545693802953 
-2.96290682482527 
-0.282903808394723 
-2.94980882505423 
0.816266482706062 
-1.53341625506375 
1.92592732782389 
-0.746350705311072 
0.515857388161143 
0.667127741239604 
-1.24373053147742 
-1.02605393686032 
-0.819353905533763 
0.303057656470092 
0.00864423079328391 
-1.70842273174008 
0.173775471696506 
-1.38508978875834 
1.94589348857671 
2.11762355159856 
0.0697445405675123 
2.80951286630477 
0.254706490835681 
-0.173762635315373 
0.0219057829658305 
-2.52712297461914 
-1.55664502379051 
0.934385303050433 
0.0555122599872293 
-1.64743682907761 
1.89452631714961 
-0.658489292516487 
-1.36372133236787 
-1.3687625014808 
1.11855754124439 
-1.25167591965058 
-1.86565667119154 
0.0984524975102656 
0.870511086131036 
0.175328028742127 
-3.25579747308479 
1.58008340003264 
0.226061269990346 
-0.306157512780085 
-1.54030132131423 
2.57967513550004 
-0.306129071673191 
0.978901377418259 
-1.98766531941734 
-0.772432303902248 
-1.37812798608273 
3.21617291903003 
-1.40662554216606 
-1.29527855944141 
-2.01691127697623 
0.530303832104864 
-0.180730948788621 
0.185641837645635 
-0.95962391600376 
1.21244395962529 
-0.346687549457657 
-0.769944275273963 
-0.364920238935482 
0.709658015469071 
1.86497985585992 
1.58413982567522 
-2.20364979757268 
-2.2867516397482 
1.04412174798012 
0.0872888707323051 
-0.7724450805938 
0.576240860398328 
1.52131095891472 
-1.24244977781969 
1.73418940800811 
-1.46879091768646 
-1.11633168075997 
-0.210197159536348 
-0.929763517949044 
-0.215933469799974 
1.92855256450201 
-1.01425310397507 
-0.830659939759954 
0.131051433947319 
-0.000260459920923051 
2.15930780461156 
0.517900710339827 
1.82011275558956 
1.06006618579792 
-2.05928522250405 
-0.0324839712961797 
1.38279880592122 
-0.107869136458297 
0.489758197685682 
0.274950767154147 
2.27199899625341 
-0.439673060236553 
-0.128208812402221 
-0.277652887334653 
1.19139478626786 
-0.765511342142288 
-1.25333026635395 
1.04782122488155 
0.446064502920854 
-0.245695828302362 
3.49347452131006 
3.41930008321857 
3.81642644419506 
-0.0403968886284019 
-1.30029017429762 
2.35912837971238 
0.890985046787065 
0.986370235855759 
0.0381363988880808 
-3.35632353272482 
-0.339232087202137 
2.91363025215379 
-1.40677320854357 
0.514192742056928 
-1.49104525765228 
-1.04742319941125 
-0.265261769920507 
-0.712904483607451 
0.628961790070497 
-0.0679247681721555 
2.00695466775687 
-1.29426945657446 
0.165798712983665 
0.999401995977024 
-1.0869460278123 
-0.764936026736592 
-1.79772541491334 
-1.43482365467 
2.21993919465535 
1.0534004549707 
-0.729927915330094 
-1.63849069399791 
-0.109301347387666 
0.157391874834159 
-0.470250786821317 
1.95340091603616 
0.815445563654106 
2.89643625610412 
1.78400035892066 
-0.0971088600930342 
0.84605070032207 
-0.514237908350804 
0.368575960557045 
-1.14009197998046 
-4.45501597259984 
-0.306504106589403 
1.34677903872209 
-0.274245054412884 
-0.225764049716772 
-1.49209474079739 
1.53558625427457 
0.797592607286936 
-0.95654575449365 
-4.11390633568079 
-1.26548095512748 
1.98149548268057 
-1.62465692401513 
0.0709537616402914 
-0.391961982033367 
-0.424611747996885 
-1.37679574128971 
-0.851817404608816 
0.606120632115317 
-1.43653878560286 
0.353007262075989 
-1.04133423868812 
-0.167016622489682 
-0.637761282691871 
-1.34650428682906 
0.900574732201817 
0.142243706208181 
-0.978958283908996 
3.02871734008689 
0.0889463472486417 
0.786549114062313 
-1.99270868323616 
-0.0227104151378006 
1.23101679457824 
-0.00399046987000795 
0.31731855143341 
-0.484761697111082 
0.696942323271611 
-0.924212375972787 
-0.329594254505602 
-1.01125156733692 
-1.07987499782687 
-1.15405694082199 
1.09174422609911 
-0.323833533707274 
-2.10377532643618 
-0.24350239053029 
1.61051714686903 
-0.514041265540037 
0.576823219880282 
-0.133031016978792 
2.63614532348206 
0.131338850397262 
-0.637759488227166 
-2.01486505399599 
0.350164655799518 
1.11131837273024 
0.699825514697473 
-1.46261641462708 
2.00379508288809 
0.471421502125207 
0.0802681111705769 
-0.469701117727806 
0.268479372035398 
-2.14365895549402 
0.826786668511891 
-0.203435501743809 
0.557518526335243 
1.28314719238062 
0.116140879273632 
1.31777261464804 
2.94517397875489 
0.526001090784278 
-0.050634759160299 
1.38112286802996 
0.43650506548943 
-0.552070871585102 
-1.74521148583931 
0.0537406980554092 
0.628669072861699 
-0.39058550888712 
0.392329452674734 
-0.180384220340732 
0.717551619253826 
-1.23917517318215 
2.21095679701983 
1.6500761747181 
-1.68929784607625 
-0.484000483255934 
-0.132087268330728 
1.96077836248409 
0.312255791099475 
0.622254710355496 
1.22569600761354 
0.874896688865056 
1.58679081624133 
-1.06711615776511 
-0.691934521744069 
-1.46067594150346 
-0.348320052479915 
-0.656840997805382 
2.48508592201257 
1.01736687106741 
0.264536679942495 
-2.23081667153155 
2.63046013005466 
1.35444765006366 
1.06585212843297 
0.577600261295209 
2.70640208716588 
-0.0707187760565487 
-0.691221802585638 
-0.554735410798919 
1.30846889136846 
0.143597088436413 
-1.48147547235036 
-2.12665468179965 
0.0780217360115321 
-0.0717923329033333 
-1.16425138640791 
1.73561162506512 
0.956281102882078 
1.32186601150749 
0.516003499179685 
-1.09565842214859 
1.9418202334214 
0.977963522752567 
0.864383952029186 
-1.24447441840396 
-1.19348325470149 
1.12390726724386 
0.996268483253253 
-0.178638652874148 
0.520940454422837 
1.39044638767244 
-0.265282914801373 
-0.201549352952789 
1.1183091077508 
-3.59075390338022 
-0.146630296875994 
0.938182191174306 
0.930886767810349 
1.04229259475488 
0.344577496230494 
-0.256329826073526 
0.455256967553285 
-1.64278120439938 
-0.82672383087332 
0.712079190651727 
0.00473885905569116 
-1.50041451325573 
0.904321548333821 
1.38002974701712 
-2.05492189467095 
0.448015144740286 
0.85432198153238 
-0.401637919409115 