1.48311462500134 
2.38053056547091 
-0.529655577593086 
-0.902062560762261 
-0.250788325443555 
1.31798325073389 
0.930837187326039 
2.37245558395123 
-0.531065630623259 
0.534255985532968 
-0.379070228401409 
-1.13060845263214 
1.02359827463164 
0.204476161821565 
-0.949730326923814 
0.219539186511777 
-1.45720921692138 
1.89899802439972 
1.19411140013385 
1.04348863368729 
0.424046133863065 
-0.717049555488893 
0.476360442094064 
-0.948132120830871 
-1.43305217002013 
-0.350138985565014 
2.9339428386694 
-1.2801864692951 
1.75570408206457 
0.139156965097321 
0.228768178378121 
0.757391506699349 
-0.453904905766231 
2.45641406594989 
-1.8137081693313 
-0.417393609718618 
-0.492457118527044 
-1.84493687723456 
-0.0273906711858556 
0.178015628698123 
-0.290198720603035 
1.36215029066559 
-0.53020744664719 
0.346856735614922 
-0.60420414446695 
-0.485093102526325 
-1.90751930163819 
0.0407921184586226 
0.2036849818847 
-2.65129572464011 
0.598049012837726 
-1.02961504369846 
-1.13823230592985 
0.166135760298405 
-0.421401604420394 
1.78203265229885 
0.576921917390591 
0.0436589980997719 
0.453525132250857 
0.244111160001478 
-1.27432079389074 
1.17596932062846 
-0.721077508824676 
1.20566555900784 
0.485133690687518 
0.156795321639039 
0.204894089963693 
-2.27554292340098 
-0.146972392035454 
-1.61726000712257 
-1.69188911461114 
-0.280300939398612 
-0.691408685846719 
-2.04154798471334 
1.56255705778474 
2.01891098140577 
0.0541440120862556 
-0.369097837680459 
0.308304473067233 
0.423375891120624 
-1.02951278238586 
0.157421105119719 
-2.81725522254614 
-0.353305558666942 
-0.393019134414832 
-1.22485123169906 
1.33884510272849 
1.88769395974315 
-1.57455177815857 
-0.0443371766317 
0.536026768871976 
2.03659642179076 
-0.652790825104223 
-0.258687383848181 
-0.343527825899126 
0.0147032659172184 
-0.879368459603259 
0.967126334227985 
-0.587285186185113 
0.298109941024877 
0.127760175282838 
0.0829115056795347 
0.629502633323501 
1.38938848440635 
0.147732771598988 
1.70651228487848 
0.361156776999157 
-0.872390585241798 
2.28968902687276 
-0.341773751157199 
-0.0603844104912701 
0.534238198468999 
-0.88888616355131 
1.14246404422972 
0.0616126887202664 
-1.24726688669894 
-0.560137632287727 
-0.423675958496603 
-1.03213125546554 
0.864998438378379 
-0.409208289307256 
-0.805897298555891 
1.41607076327503 
-1.09181884187172 
-0.693488986272243 
0.493054804031015 
1.66224762122931 
-1.662688782851 
0.419567581020966 
0.0690849185080004 
-1.82406503681956 
-0.808114186067243 
-0.942300951294663 
-0.423746288439685 
2.41335610888352 
0.508704821738577 
-0.00996059205519528 
-1.99280715067615 
0.468916312719373 
0.781979537473885 
2.15194994053666 
-0.93005895755141 
2.01807173523733 
0.738237843229621 
0.247772796625581 
-1.14640711945003 
-2.64732677635961 
1.27912150316038 
0.55275241027645 
-1.20584054815682 
0.546237307986901 
0.0493811776574768 
0.322191297268346 
0.618974607681832 
1.0264540077531 
1.97072898533059 
0.615821234440645 
1.47135332851482 
0.395993089076177 
-0.705983636614395 
-0.222342295756195 
0.385274006878353 
1.25150616301078 
3.40816526598832 
0.794695753811794 
0.197318241484055 
-0.925952500433868 
1.80648034047492 
-0.630646707875875 
0.285696809332327 
-0.0495311492878588 
-2.82229640739133 
0.687086423626058 
-1.63330523615697 
-1.22073526884935 
1.96877571878983 
-0.499823831189191 
0.989938856532166 
1.83901764523158 
1.17422610088809 
-1.81881804464379 
0.153831119829825 
1.88767713299953 
-1.06295392789555 
2.28066750499747 
1.97295690548365 
-1.30619587438765 
-1.23664238053544 
-1.29633950352182 
0.182472217511735 
1.50968407284904 
-0.676748861275122 
0.107356379455205 
-0.167132712732534 
0.235946308469974 
-3.73800263217584 
-1.27589985443383 
0.119180995828489 
1.61263747831352 
0.757686154042151 
-0.818603883887501 
1.17585044356097 
-0.733404869901034 
1.08831533630994 
-1.16962006707498 
1.92356781347459 
-0.364339314945816 
-0.0755505418130994 
0.232663693988128 
-2.40165739040176 
1.81991279708562 
0.742912478268911 
1.62080951087021 
2.00741115115477 
1.16449036971745 
0.0365014887796604 
-0.849188118082272 
0.129503916690865 
3.03613596641029 
2.23527918523036 
0.6300784977136 
2.16302975484536 
1.76263850343692 
0.840022558891554 
0.0777895877091434 
1.17808159393279 
1.70852103162784 
-2.00124802761767 
-0.772649618208736 
-1.55458177747499 
-1.45102622236819 
1.17985939510295 
-0.861180758120112 
0.0980675087457001 
1.17492150457672 
1.69885922154732 
-0.506999799292652 
2.32249534417009 
-0.62017739317563 
-1.19272726745576 
0.936928107634855 
0.374497646678002 
-1.21157554627064 
-0.858604942872118 
1.2418280036081 
-1.00612513533197 
0.0408806527365886 
1.22032629792208 
-0.915560334519556 
0.666082149316257 
1.04427486864141 
-1.95198262589831 
0.776447290143135 
-1.28575524930499 
-0.74299170843686 
-0.407935108933485 
0.0578578586973546 
-1.18676128715455 
2.78691905043852 
-0.656503428989257 
0.746080143415449 
0.548472027269743 
-1.25121025691997 
0.694550509793165 
1.43845405199646 
-1.5855562829124 
-0.923530428999657 
0.720141000472754 
3.24995517865737 
3.49792499401554 
0.218827131592582 
-0.842749782073572 
-0.246628404122495 
-0.610267675426858 
2.2918743456519 
-0.577479422413641 
-1.92099168328054 
-1.60591301693134 
-0.594219956193543 
0.682048771694609 
-0.219507078801 
2.04030128613162 
-1.77993879335784 
1.14574189425485 
0.129304552080182 
1.07871303296196 
0.0375649555618522 
0.18170285186416 
0.660583654568051 
-0.348115780170022 
-0.0293286996488436 
1.58895158246333 
-1.07121264960884 
2.89914627779308 
-0.668924101153411 
-0.950899526513245 
2.17797783834391 
-1.54565917738568 
0.240120449828518 
0.182183610710716 
0.331136125941726 
-0.25273309458469 
0.437706966483157 
0.550204113782013 
-1.09408694108935 
0.201588195255944 
-0.314449450613734 
0.289330524265894 
0.88647164228728 
-0.497216817028833 
0.185180524869566 
1.04542658246512 
0.0785502264489196 
0.265703786538277 
-0.774508168554624 
-1.3550874065196 
2.64498759913302 
-0.147821815470745 
3.16595597284914 
2.4218126215108 
-0.7273734681609 
0.530525280856984 
0.0404390431073501 
-2.80037180769052 
-0.649946087158007 
0.610970185590513 
1.6046319072713 
-0.520493271173013 
0.792593285761925 
-0.865044899804468 
0.495462941262406 
-0.15611375082547 
-1.62319823318059 
-1.70302087095421 
0.0662196486272324 
-1.72116009650673 
-2.01823352926278 
-0.268313038197405 
-1.37113264924319 
-2.18380314492833 
0.85578546595171 
-1.34959785046916 
0.452181718427974 
-0.355433308235023 
1.40935891273487 
1.99741541221896 
-2.28608525702398 
-0.249223995124421 
2.09162748790426 
0.869171630723949 
-0.132999133123376 
1.47490993645758 
1.63078494940365 
-0.172960301331375 
-0.953624411200658 
0.982446409152249 
2.53523737032724 
1.44179409652711 
-1.6922256082592 
-0.315068239320802 
-0.291744097589179 
3.39717489963528 
-1.36447110646944 
1.04867816010915 
-0.853973286412013 
-1.04888833053258 
-0.629841769005577 
0.0951387983806448 
1.28407723281601 
0.265475320085216 
-0.0995634269612392 
0.879346654538026 
0.792590814099544 
1.2278158652771 
3.31260411353344 
1.27489092656292 
1.2857167819152 
0.579194087930704 
0.692165074914557 
-0.941055173643558 
-0.759966321519644 
-2.57504177973649 
0.928640446233786 
-1.02190641661493 
-0.704309856707771 
0.398682261150637 
-1.18055508151465 
-0.0693407653346084 
2.29911335185751 
1.03730466842085 
-1.9125960790369 
-1.38931908015568 
2.71756584606198 
-0.851165447348708 
1.73095176982949 
-1.69487211806434 
0.948298503445585 
-0.873828021316963 
-0.466933008067212 
0.999626922001261 
0.502650279757141 
-3.61688428830827 
0.844026293687006 
0.522391344004222 
0.734991304202364 
0.0154903868639837 
0.350401975094314 
0.413080070561543 
0.255741049211613 
-1.5961882578526 
-0.109941147622542 
-1.91999613717772 
1.90337892906574 
0.960991606188934 
2.8747914510935 
1.06928743778875 
-1.06298332917301 
-0.613450483388005 
0.251506467413919 
1.41105188391934 
1.06797328662487 
-0.628097458755351 
-1.20108866230073 
1.63737182073537 
-0.304869197546285 
-1.08017828976746 
1.13788586416368 
-1.57388630149317 
-1.50428263078532 
1.84365621066433 
-0.688295343363124 
1.76528687555329 
-1.28813355885559 
-1.49104306571543 
0.0517189133486356 
0.798892243646728 
-0.288233118806007 
-1.15079632952003 
0.0861843647477253 
0.18148428173497 
0.612975103792122 
1.02950744405364 
1.32545098931199 
0.584413314131448 
-1.4877383253097 
-0.569401443150315 
-2.19418358990619 
-0.844112172880824 
-0.610021826717726 
0.216992295437069 
-0.108589855186813 
0.0479353547400936 
-0.593198021810109 
3.17346335875302 
1.75149614433065 
0.0861995525044249 
0.667313728307844 
-0.395743219233677 
-0.641468732691895 
-0.749821485607404 
0.158333081289157 
-1.59513813741302 
0.968284432960679 
1.1410044216705 
-1.71435104256525 
1.06535816417254 
-0.490737707137148 
0.330395819656266 
1.89299980817223 
-2.2292666253754 
-1.48348235496457 
-0.953842706468842 
1.54799674350536 
0.413274184731874 
-2.89297277193928 
-0.541461535825668 
0.0961686391908924 
-1.36304160352453 
-0.833648781622421 
-0.454044614224586 
1.12089820014501 
3.32815827986005 
-1.59720780687436 
-0.295268026049468 
1.17286531564593 
0.905163304014391 
0.00416543820459242 
2.36869971255021 
-2.96486667782809 
1.3681328356941 
-0.415246100951695 
2.37244307066639 
-1.04613720787204 
1.17162482019555 
-0.455691793283145 
0.942613365866711 
0.599173326244225 
2.90824792665356 
-0.460257364348792 
2.04907694084185 
0.899776682548882 
0.739892468824079 
-1.86589901546937 
0.646579671185272 
2.07110647975119 
0.194421420228804 
1.44975504749971 
-1.2488010883098 
0.21905780466463 
1.65404405476639 
-1.4322182127806 
0.390375856469388 
-1.31069460520701 
0.401826045255322 
1.22240094142689 
0.0673809706011937 
0.297723020339176 
1.71699213139749 
-0.577599310118489 
-0.0878672459794945 
0.869430078749976 
1.82174742963976 
0.242169638623881 
-0.711048206538606 
-1.29757425548996 
-0.868533645720905 
0.679430499060999 
-0.943883515450793 
0.67513269441897 
2.21993951447773 
-1.21632429880168 
0.0561862265926375 
0.731734454217128 
-0.821855167108717 
-1.16038761029893 
0.0748566325979982 
-0.139061363490583 
1.87538182863657 
-1.14224505358425 
2.0738498907723 
0.00532534245037689 
0.135779047077223 
0.704722432605329 
-0.608809827811533 
-2.22194880781899 
0.0303558656804611 
1.28107137339972 
1.25973553089705 
1.37400337971163 
-0.425843998054652 
0.545522264413757 
-0.257630425273666 
2.03332939994466 
3.43594487609986 
-1.24837399124552 
-0.861486884805169 
1.4381561689398 
0.637896124075697 
-0.445161839237079 
-0.271252857723582 
-0.792976738675803 
0.709862490044901 
-1.71214873477534 
-1.20598199835733 
0.222676345849699 
-2.15993157408323 
1.56386171573547 
1.54309212952309 
-3.49477044845647 
-1.71069510945811 
0.188300089819005 
0.506871346835888 
1.52030275950438 
0.511735101428503 
-1.60349459374429 
1.6965170352369 
-1.86764389204932 
3.30282321744851 
2.07184970068775 
1.45851107554956 
1.51762379067362 
2.32444801615414 
-0.293196689054112 
-1.93683529982562 
0.340661750429287 
-0.316195215424443 
-1.40167692049918 
0.000578953577275776 
0.210313176235003 
-3.42742266650514 
-1.57544083510615 
0.759337032190045 
-0.289816255837101 
0.298498301078379 
-0.717489984997453 
-0.426098035223944 
-1.61627375744512 
-0.4673182636849 
-0.520388536091374 
0.483206177845645 
-0.29940536571328 
-1.57699690220219 
0.879889940492864 
-0.984631606809456 
0.64239342115493 
0.876102558352006 
0.236938935772527 
-2.21643707711942 
1.60934538884107 
-2.4573252383216 
-0.0575759464705808 
1.35926603415869 
0.97938074874579 
-2.41907818541061 
1.29523662046942 
1.08857697543903 
0.212807005197366 
3.73363480891307 
2.84735653289781 
-1.52286497907108 
1.04269426123489 
-0.525098812770332 
0.480165349558038 
-0.139087595687655 
-0.977815113774209 
0.126661338845622 
1.43014762748714 
0.573816411224 
0.868442608649253 
0.124172213199986 
-0.567085567123299 
0.354392256348479 
-1.24953761169783 
-2.42255822166106 
0.749099312801093 
0.771644930930422 
-1.68467035808335 
1.35288512009942 
-2.29106357496044 
1.09468296330589 
-1.12280269306339 
-1.05254506232949 
0.610608101655192 
-3.40222051359667 
0.265866312364565 
1.83722703607188 
0.329941194398984 
-0.707519685007939 
1.74496215959156 
0.616367075652964 
0.830579887743206 
2.01851106312054 
0.117218055051778 
1.98856910068499 
2.1135755572568 
0.152328886543127 
-2.8060243381349 
-0.125067092348625 
0.639223378572603 
-0.117297328697618 
1.65384354370212 
-0.748924835694568 
-1.89945828309449 
-0.610971685478897 
-1.03992647357321 
1.03313108896036 
-0.303612626871137 
-0.526730535094242 
-0.852763202457347 
0.674335630554802 
3.07468023431009 
0.0825664462826408 
-0.970073308386548 
-2.20969843965041 
1.64177200645941 
1.6434306324373 
1.18053297220464 
1.69283596982906 
2.06333386078862 
2.21474095235144 
-0.759293887635416 
1.31684918315788 
-0.414117817351548 
-2.22265761653099 
-0.0855169968954299 
0.239705019314538 
1.97691526466564 
1.15458227767479 
1.63163492287351 
1.41808830072291 
-2.6353413409557 
-1.16967063536257 
-1.1643012399759 
1.59961990480935 
-1.95901099505034 
0.203886616141065 
-0.623438588059574 
-0.564488215864656 
-0.915751718256799 
0.410145515151477 
0.555569638695231 
1.72651505731108 
-0.122352906992844 
-0.00898998137501161 
1.44535289717919 
0.281182808460962 
2.32829905341342 
0.687577983205331 
-2.10441585804355 
1.41756875215044 
0.0109806740955628 
-2.89570353795321 
0.520765420570108 
0.980615550004435 
0.150939078832055 
-0.822328642430401 
-0.812593826618163 
-2.28584532205835 
-1.33018948473055 
0.228519349205076 
-2.99681273904275 
-2.18544408768876 
-0.168760485339019 
-0.00149522988003398 
-2.74934920086834 
-1.19469273848072 
0.546297196057162 
-1.87286060163903 
-2.34446998999608 
-1.25649593509539 
-0.659525464675228 
-1.25853595925093 
-2.02746421520877 
3.1077474817844 
1.10492169849962 
-2.39982048666336 
0.281773923829598 
0.512763848708323 
2.10911633882525 
1.75457971442693 
-2.18966333055668 
-3.6561881392944 
0.188283422405881 
-4.330126516699 
0.459395392557702 
-2.63234714380942 
-1.10734292589281 
-1.15411490788924 
2.40866445627746 
0.391754011972495 
-1.62576617415441 
0.213782396600536 
0.419077914685871 
-0.720765404639154 
-0.120780212661963 
0.415153921076787 
1.17221587904262 
-0.0633562224533706 
-0.038111687632218 
0.32979558117344 
-0.0831728797782023 
0.688568434348582 
-2.21392804895858 
-2.54546292477218 
4.40654346735875 
-0.959604226810371 
1.08678044560356 
-0.773509416025986 
2.06284622971145 
1.3117459534309 
-0.757697011337515 
0.125841668129982 
0.552709731107007 
-3.53022477151898 
2.38527520574919 
3.4253889558058 
-0.0349215676099522 
1.07457914385954 
0.444883881061119 
-1.11106695241596 
2.06987072175183 
0.168030609203877 
0.572194942391425 
-0.256782865017739 
0.740197217914901 
-2.27957228251703 
-1.72380129091891 
0.762636831646975 
-0.530835917715561 
0.0749443806817962 
1.29483735407992 
0.0150871502552352 
0.970191567006777 
0.527365300997721 
-2.3810072184122 
2.13111809588397 
1.77653533007076 
0.878630966353862 
-0.318759813752205 
0.0411918797279021 
-0.0495278217089606 
-0.942010719232272 
-0.577778148795664 
2.23270450026713 
0.906302979811334 
0.74210526859676 
-0.56712417296727 
0.69773518592978 
0.74277073391165 
1.75840596255088 
-1.12771932173725 
-1.501783935225 
1.80227224619047 
-0.216113201021206 
-0.237168386018105 
0.472918056598182 
-0.564190367662419 
0.83217420525951 
1.49986138685656 
1.30090116719291 
-0.503863001838389 
0.288975521866528 
0.911881496991898 
-0.483345748771922 
-0.256702420239806 
0.0323475274995133 
-0.783079413480651 
1.23859356853216 
0.869595723105876 
0.375888048671457 
0.756983542157637 
0.607751051603424 
-1.46749518793983 
0.300849001075024 
0.571509368931888 
3.24799909648691 
-0.720398693551995 
-0.356091257145419 
1.502077939401 
-1.5415192809101 
0.552989282101198 
-0.0567992352324075 
-0.173406704352252 
0.87762710991352 
-1.02394273469352 
1.65459366813091 
2.30744996297843 
-0.186344665450442 
0.815767400855998 
0.121117825502686 
0.885539953507617 
1.24363909346523 
1.60355889417887 
0.317428612973019 
-0.93803501869553 
-0.198070791603848 
1.00376520319325 
-3.57190285476318 
-0.219627160167845 
-0.696925492348522 
-2.1921376363895 
0.666365777755327 
0.761246919648474 
-1.93830871650188 
-0.825471608408113 
-1.32670223416913 
-0.394130342779765 
-0.742027236386681 
0.615835182771661 
-0.782242672650377 
1.57271946840608 
-0.0536224357606638 
-2.48807635233435 
-0.69437159322384 
1.26092835829712 
-0.436179267186285 
-1.10933586506891 
1.2239304449928 
0.523654285379005 
1.15784285317213 
1.21647038750682 
1.58183021139147 
-0.508327596466829 
-0.0462972540602902 
0.571665279649865 
-1.73943054100929 
-0.914240015266874 
2.31288387627803 
-1.25451107614252 
-0.460399835537599 
-1.10677910959019 
-1.8736024913137 
-1.20645200327882 
-0.249816872088658 
1.41182003380194 
-0.266710766519459 
0.81435161288881 
0.365982456553101 
1.04495039036594 
-0.1702375090661 
-1.07577324276335 
1.71873895236331 
-0.272763422384865 
4.45410403374944 
1.28539032092035 
-0.974314646577925 
0.712627557666503 
-2.38759647917493 
1.81158469366216 
1.77195213387331 
0.565462464539907 
-0.594942524434069 
0.0804998363024341 
-0.787510516921446 
-2.13844073949623 
0.375593136515935 
-2.64304794325479 
-0.131756150293652 
-0.199613740426775 
0.69251656547776 
0.974170253960492 
0.692648586776806 
0.63219600857656 
1.34536505498383 
1.10827729174231 
0.948723339502484 
2.6098263367888 
-0.0212541888866637 
3.34729105864483 
0.482080403178573 
1.62080153927998 
0.7652064879575 
0.0762935429908924 
-0.226183345016183 
0.458760203002197 
0.514784380652022 
2.47977892945787 
-0.792158279299151 
1.48300878240996 
1.07489599211371 
-1.20928651253418 
-0.0871412893261124 
-0.622982392408451 
-1.78849488273547 
0.256884101303814 
-0.603891832951002 
-0.777945311613579 
0.856912415274232 
1.19965714552584 
1.23977415469471 
-3.21169500993263 
-0.498110606897022 
-2.0888633881146 
-1.5227172900934 
0.0441867262511951 
-1.01377710485721 
1.09604832988659 
-2.14343804456118 
-0.962331972807473 
0.928322001727908 
0.238765863842907 
-0.116895734952556 
0.122273914148091 
-1.33410703083663 
-1.09320422388579 
1.12433062883987 
0.249160030324956 
1.5028064301595 
2.35125660893778 
3.33174749744096 
-0.000423351611374023 
0.397921066224284 
0.465951058942337 
-1.29121527860101 
1.26724999175346 
-0.842865821987616 
0.702895970702099 
-2.27177309306951 
-1.35957224669577 
1.4243420195654 
-0.51536729768139 
0.284219242019631 
-1.78762910667985 
0.818802879619317 
-0.74133460510244 
-2.19139596510564 
-1.7481710484359 
1.43315489526861 
-0.14488110195557 
0.742407912402858 
1.30012469674841 
1.23916096029539 
0.370657026550117 
0.191120887658134 
-0.250970201838221 
0.3390890979361 
2.79762959745652 
-0.332321761977843 
-1.66202713770654 
0.559359181679827 