-0.933978861691465 
-3.17276028168792 
-0.302248023714366 
-1.10442802141786 
-0.287817552244969 
-1.5931083118448 
0.166491591456478 
-1.98927592438115 
-1.80746097572657 
0.480078369717947 
1.06939346956384 
1.00618026844672 
0.810779144285922 
2.14801245784085 
-1.78718274010376 
0.891434077412315 
1.20846805466763 
1.69336576331408 
-0.471852627418607 
3.99088743930329 
0.933113030503385 
0.716078346388353 
0.495080257657699 
1.21439185333621 
1.60887145986105 
-1.60688892739631 
-1.15167364102359 
0.48138919631384 
-0.325568435595041 
-3.04517881418803 
-2.19030423493498 
-0.627992247001461 
1.22160037967243 
-1.2904640200138 
1.40195734984765 
1.55341473482094 
-1.44902375095645 
-0.194214205651532 
-0.260472615945549 
2.91719536771233 
-1.52163903827733 
0.448867364280655 
1.10500232215925 
-0.307625988679117 
0.0906347323574939 
1.70339497609216 
0.146786249050647 
-1.58441263312119 
-1.25124394788474 
-1.34218503378545 
-1.630137528883 
-1.60938958912926 
0.489294525295776 
-3.15246550431264 
0.935559849466824 
0.809652185860481 
-3.15727449525537 
-0.29239215451585 
-2.04231103211948 
-0.211136727109534 
0.314216598931896 
-1.23866939790249 
0.310328940770626 
0.686832336340959 
0.771389636941377 
0.793983310225485 
1.05740829369378 
0.126423600386994 
0.545383247134559 
-1.04272136272198 
-1.10132259811896 
-4.18496783587691 
1.23604979725361 
2.85165084907426 
1.12949069981057 
0.263083679220018 
0.691591339045293 
-4.11308527074118 
0.969966116094793 
-1.20652807032408 
-0.0786945340575831 
-1.96147244664208 
0.0197641153423365 
-3.20208611154394 
-1.09129586712874 
-0.0462864670626331 
-1.61562595835503 
0.230299751182884 
1.62815058604227 
-0.358297656919425 
0.695107044604345 
-0.936434681794102 
0.73564686345924 
-0.21718422498877 
1.35139455742675 
1.52730831564857 
-0.802127563331524 
-0.188643108979555 
1.49002861982887 
1.566417072179 
1.40610465100917 
-1.96256699579256 
1.50226189877672 
-0.440220659309523 
0.222002316443788 
1.0260279768751 
-0.788846335088293 
-0.0480058021306823 
-1.09700503721815 
1.41004043428695 
-1.3223961800503 
-0.134744049700061 
1.44604359937095 
3.45367645901171 
-0.334708125641495 
-0.00708950645333385 
0.667564780950808 
-0.741733741505953 
0.245941581017848 
0.250589678246594 
-1.31220913511792 
1.32817902196338 
1.20584432064711 
3.26675382122705 
1.97608293562191 
0.58199902834033 
-0.539196471848428 
-0.278551456505585 
-0.338506441043295 
2.02504261922211 
-0.156491757748237 
-1.18182597116139 
-2.40001357549739 
0.901478347145578 
-3.24288862683791 
0.986340650554547 
0.702589680669921 
-0.289582859143316 
1.82682359853999 
-1.47832399710191 
-0.862021124751123 
-0.443957533366045 
-0.669277204983961 
0.294405123531603 
-0.301478550320021 
-2.14622414660836 
-1.19163271509981 
0.222855567082489 
2.91343363884695 
-0.77622707608623 
0.012927024532438 
1.23563067413086 
-2.55988069716495 
0.563442301890599 
-0.197301246550147 
0.542511854057681 
-0.292923095209409 
1.02909102599487 
2.3189126855681 
0.927076492563609 
0.493891976741729 
-1.41942602951215 
-1.40667602937082 
-0.0133914504703086 
1.47848370287382 
1.22341385818123 
-1.26938386292915 
-1.32848912997365 
-0.118112123342791 
-0.280248392878807 
-0.188236006184845 
0.849491035295973 
-1.24103074399428 
-1.54713400951475 
-1.09308756125148 
0.759178826680596 
0.805673640491906 
1.30424880995435 
0.058231228522616 
-0.0346659411610764 
0.537211448154269 
0.481827680206701 
-0.671520999798072 
-1.10456186318277 
0.298876681068979 
0.824920217505929 
-1.55178933979185 
-0.468701078131943 
0.183296408788491 
0.577362847775634 
0.708804329027237 
0.380743704572102 
1.01258348333152 
0.500017867924822 
-0.297392370280104 
-0.59959400640042 
0.0294488096556601 
1.62712182232352 
-1.80088593471553 
1.28276445447343 
-0.292958873428584 
0.433385559695439 
2.09097271452954 
0.666070535629333 
0.175541897598767 
-2.08727455969613 
0.514213371076299 
0.632123903060986 
1.1044092457645 
-1.2528623232027 
0.923618962942 
1.33509476239046 
-0.113511293029293 
0.976724960841404 
-1.03181037833577 
0.726355724051973 
-2.0865402414506 
-0.25341332281971 
-1.93998147887466 
1.41709315203406 
-0.614657740727909 
1.81928427032044 
-2.10487078656253 
-1.78674185816843 
-0.135865915226175 
0.160590170452421 
-0.336559171890103 
0.57838613191828 
1.06160842409242 
1.68010111353552 
-0.591617043369377 
0.259612350864621 
0.0585953444256407 
0.596887025303079 
1.41903688218133 
-2.90644195289578 
0.254446440186328 
1.68507776755154 
0.127376706245043 
-1.0524249556209 
-1.60096084331562 
-1.25548764878675 
1.87581265188424 
0.902352156241134 
-0.329232495136269 
1.09872522723844 
1.89477875097146 
-2.67674298319172 
-0.200008406331557 
0.13614274363445 
-0.742229911836995 
1.74282660425185 
0.616101115769519 
-0.639740860038454 
1.5543063461957 
-0.149215345784134 
2.05286389346544 
2.15081388630113 
-1.99620123566868 
-0.113545884532001 
0.16394044060842 
1.02720815928185 
-0.704768153973775 
-2.2363729131664 
-0.147353491619722 
-0.759796608189923 
-0.380053215844705 
-2.64239035842752 
0.660747587236877 
0.383526715920653 
1.29418237691352 
1.71047579247908 
-0.510445542123063 
-0.867754074649857 
0.374501399863895 
1.62500396698959 
-0.841927810501832 
1.0270885592767 
0.631679138871478 
0.694753342702358 
0.476076697088557 
0.428028176357211 
2.8339313359142 
-0.970535352885857 
1.76319909303073 
-0.807578852300262 
-1.52333409761272 
-0.405964638680209 
-1.63470457563006 
1.9206486361761 
-0.107604360284561 
-1.15231980332089 
0.794463220309414 
2.87610284566174 
0.361780923425066 
0.549645886475551 
2.02266797911125 
-0.137465613707789 
0.703361743961049 
-0.438923702846619 
-1.42951746178575 
-0.297816016756486 
-0.156902132057744 
-0.352867354030062 
1.24356379906963 
-0.240375140284036 
-1.33976039448064 
1.8245183551409 
0.390203178007122 
-0.626736175205355 
-1.15560680477507 
-0.539294942752272 
0.075128826932655 
1.58860095402821 
-0.124651264657068 
0.296679212629586 
-1.25541512713725 
-0.0700350802804219 
0.751264586388095 
1.95925491259012 
1.82602974876305 
2.1412810474467 
-0.588416005489047 
0.0886368516400937 
-1.97261136942273 
0.344258812436506 
-1.4223848093905 
-0.294144946458761 
-0.423272655980311 
0.163052938322001 
0.154329395783293 
-0.231521340660246 
-1.23080732649361 
0.448837731013138 
0.756539127821199 
0.4488670565291 
2.14682309950949 
-1.96216356518569 
-2.01647467060735 
-3.08534934445382 
0.383771657755082 
0.696804257752216 
1.00314177477676 
0.116431898164747 
0.45227211457848 
-0.342448994214548 
0.788903463721048 
-0.0897547061369745 
2.38472901328343 
0.20196105105604 
-0.419317604207314 
0.704304431210829 
-1.46813753909283 
0.953782293329114 
0.534644565035606 
-2.59365661872732 
0.032793003182761 
-0.684043708877922 
0.859790028984015 
0.78856971680967 
-0.21050745142566 
-1.24622209558091 
-0.286104615862899 
0.170815710128133 
-0.838764036313448 
0.0846036951173434 
0.355586025278591 
1.99423505830024 
-2.19458895883759 
1.30190421394241 
0.803634262276927 
1.91631294859403 
1.46046823969095 
-0.792943331281448 
-0.0614984546421131 
-0.188616276716494 
-3.42776684614982 
2.2913331252662 
0.618404369004338 
-0.0216716947260824 
-1.10999911092137 
-0.315432073542667 
0.597033291219958 
-0.944026439046055 
-0.923152922191431 
-0.326686631228066 
1.14423093246731 
1.68505630962406 
4.67501317888821 
1.80591647946152 
2.39799059906405 
1.80250388492276 
-3.18625603399186 
-0.357744558083319 
0.699146487948012 
-1.47260190790531 
-0.081074986020193 
-1.4964434946511 
-1.46849292049963 
1.74364915461406 
-0.354208153106762 
-0.0693471692266939 
0.359057817581195 
-2.13807343298787 
-0.527399635802039 
-0.993332471633509 
-0.015640019355527 
0.338236648174342 
3.49647097816701 
-0.381371065349655 
-0.531652084924721 
0.817837449812667 
1.26519232544451 
-0.192127254070881 
2.73237404145548 
-0.121141929906682 
-0.283755744175471 
-2.61854920272052 
-0.579059168900978 
2.22873272977372 
0.0266149585029358 
-1.30505910805161 
-0.76225149305524 
-2.35831871027656 
-2.70526870048805 
0.669616339135905 
-2.05164209060759 
-1.67611936039082 
-0.962117437100361 
-1.31457183793202 
-1.02373878845313 
-1.33072317727215 
2.74036261401898 
-0.910010720531296 
0.294766954017609 
-0.483602816158742 
2.59373685615074 
2.91606100338453 
-0.0076116349051808 
0.35439034507705 
-1.69742610436818 
-1.6357040083091 
1.64012607921489 
-0.0443951814270139 
-2.49545993653147 
-0.0519518735341835 
0.322171009127784 
3.43269043335049 
1.65034542794684 
-1.27628720668842 
-3.10473948051688 
-1.52005034625497 
0.788606190411064 
1.9387997627235 
1.1952255789336 
-0.511575989681656 
-0.0800607843769312 
0.7895587299576 
0.716662479436886 
1.16016567439837 
-0.485859438004483 
-1.49534145556514 
2.70581659444544 
1.23627202073832 
-1.49716842772447 
1.44724043135718 
0.844374796680995 
0.869933607240018 
0.899142745675518 
-0.67276863206148 
-0.224520691134443 
-0.06241783110098 
-0.113172546948875 
1.32532308837979 
-0.359965959594303 
1.9191285420647 
-0.993947054893012 
0.855772517077627 
-2.56580901803871 
0.920473664368417 
2.67307646332972 
0.813912196513594 
0.21839536541 
-2.21739715778609 
-2.21399337666518 
-1.02137099800996 
1.33900652710442 
-1.31007768425556 
-0.5977890713715 
-0.127048865440163 
0.652063296686265 
0.45985785420121 
3.62511173036243 
2.16879170315932 
1.25917311688562 
1.88576584705071 
-1.71553108644481 
0.482407479569504 
-0.0586500469299277 
0.0319708814499462 
-1.37930127957896 
0.170623455595802 
0.0406643980437135 
1.51471502005985 
-1.25145950155906 
1.55665208022344 
0.224367341539597 
-0.437830112828488 
-1.77995718257109 
-1.61212088004443 
-0.431180900654631 
0.444515787350582 
0.86359478195257 
0.504470678584809 
-1.04638625065334 
-1.23990810436629 
2.3900058879188 
-1.46613147075783 
3.51736167770137 
-1.47082962737052 
-1.04788218766077 
-3.0023254213891 
1.4295767686135 
-1.24902748446227 
-3.51503149834072 
1.38256200784351 
2.31965131476375 
3.33847781587172 
1.99901427025888 
1.37849784355807 
2.06345135294222 
-3.55800979169105 
-1.81824959526005 
0.865387506450216 
-0.730730545633471 
0.658205998256548 
0.0122444258800257 
-0.33974159477214 
1.65577131264559 
0.387526598834635 
-1.04527135626109 
0.582194878670725 
-0.743804231350502 
1.54625364694684 
-0.348298912411393 
0.408892401642031 
0.0258501905905077 
2.29871297438771 
-1.66131942823905 
1.2949490127888 
0.522747576631496 
-0.0503412619958269 
-0.755568979263173 
-0.355210616310981 
-1.32124409412783 
-0.968409659397813 
3.22073598492175 
0.765103048565456 
-1.03617377907221 
-0.634537231719383 
1.71193918954621 
-0.305137760904658 
0.219606289518582 
-0.601375681943151 
1.29510700258831 
1.15526239062919 
0.017879041243819 
0.92295301087415 
-0.381247476487104 
-0.672974404446361 
-4.78686355802085 
0.728298734628107 
-0.0400870903954419 
0.406246436385233 
0.592084836318813 
1.27813244743571 
-0.166473044694919 
0.500995111579418 
0.731067293570856 
-1.669920272406 
-0.776169284348088 
-1.01810664780882 
0.305187385324563 
-0.898314452009683 
2.5868016251867 
-0.606813378798594 
0.718759095964451 
-1.61461053747775 
2.28174991679347 
-1.56259942385964 
0.189804748268605 
-0.278393336593119 
0.437910522118504 
1.55514263751193 
0.0282646856601275 
1.76742695750184 
-0.186058515527397 
-1.40858839906132 
-0.177866779255495 
-1.66364132504678 
-2.51737980123572 
-1.25035484502509 
-0.594730987793831 
0.691552272100323 
-0.930795758623379 
1.76198290244919 
-0.91409552127605 
1.72243490850333 
-0.644528419962737 
0.923290063742561 
-0.880208516233682 
-0.70855083255103 
0.999748735693571 
-1.61928262211909 
-1.10726008759871 
-0.981831612742116 
4.4165458110272 
0.0134334105573617 
0.47423810892038 
-0.176607585164501 
-1.0963682623428 
1.01033705715212 
-1.51250757092886 
0.851309991758632 
-1.2214165864358 
0.0362679174706905 
2.16444641440323 
-0.352805639848132 
-0.516046163726623 
2.52090345686677 
0.0475825177888824 
-2.09860910945311 
0.558431620334086 
-2.48246075521481 
0.510527275404609 
0.306542644436963 
1.96774690305203 
1.07015331303029 
-0.505835295582177 
0.563433745999615 
-0.458366785221193 
-0.447561630611086 
0.997972723565983 
-0.484046965981162 
-0.251964763450203 
-0.736535141465912 
0.502876439827665 
-0.169823154741072 
-0.795345367328059 
-2.17340111297252 
2.97861129261209 
0.0755893389936965 
-1.24280324385968 
2.43718695822504 
0.516379366952177 
-1.63636079491789 
0.0630596244488648 
0.151629809027233 
-0.206904767034486 
-0.762995271364671 
-0.0806998799316837 
-1.03534149791226 
-0.833164736326737 
0.66219629947984 
-1.3472024566874 
-0.612114789856646 
-0.597771557379884 
1.48216006781807 
1.26195552596031 
-2.20919796398328 
-0.812811016933212 
2.40411899296825 
-1.91003462171888 
0.554316160270523 
-0.289899278562864 
0.395597961110397 
0.00380035108978477 
1.37092371249419 
-3.0920138452533 
0.131083048363485 
0.813259898794717 
0.198806148654602 
-2.16432737424698 
-0.408527634441602 
-1.26898563503786 
1.86300052442488 
0.395031552033183 
-0.625009073958604 
-0.0914423393103503 
-0.448584968428135 
-1.37398009342499 
2.16196132508415 
-1.03314222362421 
0.646982239597197 
0.365853762757844 
0.437271082375709 
-2.4442193121468 
-1.0714236511381 
1.6656047847578 
1.40494597488437 
-0.879960349690291 
-0.401282611300091 
0.886254623947347 
-0.309996009538651 
-0.341291185353571 
-0.343523953733544 
2.7005140393418 
-0.56341003718117 
0.954441270392857 
-1.162830147568 
1.02862928836675 
0.490299168384137 
-1.10502399018862 
-0.444588228069341 
0.486285616941428 
-0.682858731395329 
-0.143415226794941 
-0.597941732638483 
-0.155486158997244 
-0.837775538024171 
-1.27988219770435 
-2.22805199599447 
-1.26895295011785 
3.00511013019073 
-1.24406036773046 
-1.35920838713709 
-1.59766502814723 
1.2347548168939 
0.242737616153548 
-0.174110443420275 
-0.895250439922249 
0.541069034978604 
0.187412544227434 
0.34269019651779 
1.6005001564489 
1.43426875905282 
1.97213235878115 
-1.28795513475159 
2.36785877948462 
2.13449765686496 
-2.02853624911055 
-1.71623980818276 
-0.526357013246826 
0.440667500730115 
0.233456340017298 
1.80367498862165 
-0.633217320386481 
0.683114754341872 
1.76580694737077 
-1.37552392053682 
-0.718816062161732 
-1.22795381398656 
-0.170430530321231 
0.753566999684225 
-0.126643951204464 
-1.12969768915551 
-0.312956786804104 
1.34005418952765 
0.438187285350608 
1.87089562973716 
-0.611370269372527 
2.00810936996032 
-1.18375301542152 
-1.09466575891902 
0.768719265186625 
1.5735941677517 
1.34668039351115 
-1.33022196547499 
0.168229735303483 
-1.26863617158763 
-0.591187749061545 
0.193964214908939 
1.08957768123148 
1.6477542361649 
0.108522148622329 
2.83725250082068 
1.35611637635187 
-2.88286708221801 
0.529888552838126 
-0.305937264687488 
1.11008428318214 
-0.160886409011134 
2.3764485391121 
-0.439470290826358 
-0.280194569998729 
0.959811495217627 
-0.0737605629897944 
-0.904752374107571 
-0.273871177626783 
-3.85587330194762 
-0.513551559303097 
0.2122121725015 
-1.3872184692255 
-3.44660293684417 
-0.866498409005599 
0.639042865604093 
-0.777268215867606 
-1.49860354286667 
1.53245179468847 
2.586712067164 
0.417686253194713 
-2.34456627214455 
-0.492831934258589 
-1.59157624369001 
0.960646530621808 
1.37351150601992 
0.308535931999624 
0.529161401087506 
0.625527114795706 
1.45567448019123 
0.224043417911371 
-2.89418248562336 
-0.862059020477954 
1.61825539282291 
-2.04545458768608 
-3.09958760727903 
-1.58254563612946 
-0.799195936881496 
0.547847266880089 
-3.42417313853009 
0.302688347189362 
0.35426773208709 
-1.76836333683344 
-0.962299430524663 
-0.843268403357482 
-0.551078535790783 
-0.71761230306392 
0.83418389731897 
-1.26211252257341 
1.34263896526816 
-1.72216031370518 
0.487246649777082 
-0.0318769330044752 
2.32215271093979 
-0.528520309085834 
-1.74008408220365 
1.90520829878352 
1.45886419708138 
1.67485183405104 
1.60449094359103 
0.0188412566206057 
1.58405967958194 
0.529286767584146 
-0.781340131509817 
-1.13973456560267 
0.44975889985819 
-0.882126477895665 
1.04575575561562 
-1.07778118623983 
0.843607601912734 
-0.233397940862302 
2.40097757406171 
-3.10270731735673 
-0.183603237819959 
0.0760681847832027 
0.428302923689411 
1.13636757494777 
2.82235886867946 
-2.36442492429155 
-0.49686129782502 
1.08525796707186 
-0.335134605014941 
-0.49314961273836 
0.408670915813413 
1.3078260265403 
-0.0851378028406777 
-2.59417789460452 
-0.234388667665829 
0.759678463490063 
0.712348021783692 
-1.54875947869637 
0.839273728410579 
0.417782249373401 
0.739365035311444 
0.511115625327209 
-0.602627468881913 
-0.885668925857041 
-1.9413569751882 
3.54955068246359 
-1.66368251357836 
-0.854488692349748 
0.333319998745167 
-0.773952137176533 
0.890881757312444 
-1.60492334142232 
0.0237670067277633 
0.143951263989451 
1.19656848083002 
-0.715627655608112 
0.732153371461289 
0.0980410270091101 
2.64358725500053 
-0.894615515717061 
1.2833621127493 
1.18537338534685 
-1.24749449705864 
1.3830921451094 
1.63792446729176 
-0.226516525426672 
-0.815343462059613 
1.52242534958684 
0.615949580807281 
-1.49066258741303 
1.68551481483579 
0.907374188787275 
-0.864298284229608 
1.38972381199194 
-0.395156639820857 
-0.509303931124786 
-1.24853809232962 
0.140108436825806 
0.682555977376429 
-1.00221223772751 
-1.66373584118496 
1.64458868978687 
0.384577307447303 
2.26930314578707 
1.7970069727109 
-2.32869682514871 
0.886765677820265 
0.770237685240136 
1.35822082537957 
2.86827466958701 
-0.455675098424512 
-1.44034592740372 
-1.77600130315877 
-0.129060484170667 
1.0132162836136 
-3.60163022272529 
-0.462150297450092 
-1.52429940531877 
-1.78741434724104 
1.18760111641103 
-1.00402317966394 
-1.92834391099021 
-0.281920716089047 
0.0782413177403193 
2.3833214679621 
-0.550624460830613 
-0.0915589178679678 
0.0829785938460755 
0.777814696969401 
-0.55787983277194 
0.976243812106321 
0.460547900607319 
-0.191912051771792 
2.58229345852457 
-0.0180868481961314 
0.0380730647779965 
-1.48483009474334 
0.572219537368025 
-1.93547759842637 
-3.16168714593714 
1.31951510089236 
2.3857171164675 
0.467598755309339 
0.659979860399747 
-0.55095918588843 
-1.19070078652721 
-0.201276218698761 
-1.94008723535638 
-1.58793740236761 
0.47884269054309 
1.72079201714478 
-0.3978561047601 
0.177792161596659 
-2.53547097699825 
1.46323573469757 
-1.96389980807669 
1.22125595260284 
-0.723945102988232 
-0.88558125243248 
2.35784531865143 
0.806034436597816 
-0.610410978862383 
-0.0108083011404045 
-0.170362757742458 
0.445261743398536 
1.3661521075608 
1.59407662839212 
0.273509946090884 
-0.564132863910574 
-1.15604399613833 
-2.81204006606149 
0.0529368743481909 
0.425848684115119 
1.61156015743135 
-1.15040579967475 
1.08720848311818 
0.250774916839192 
0.423533879911397 
2.34974273101053 
0.940677938992374 
2.40645093754471 
-0.547614390559196 
1.92446755846958 
1.1787323835376 
0.594495738022864 
-0.450607542529567 
-0.0153356013670249 