-0.114362659510214 
-0.501006213769168 
-0.180086055725376 
-1.75561664840636 
1.30389771426682 
-1.45692875883724 
-1.97804488660925 
-0.115741820914795 
2.02158137124393 
-0.00457276106252646 
-1.19113818322341 
-0.120952491513547 
2.21387790696804 
-0.225044332668452 
-0.796920118503453 
-1.93809322766991 
-2.71780869174637 
1.51477208224054 
2.14455751148308 
-1.24286451051614 
-0.78024859397855 
1.52237726502925 
-0.739422470892417 
-0.278205564855777 
-0.417014961793664 
-0.697398627189791 
-0.0850693119522093 
0.345252104368651 
-0.394128251081607 
0.818113672315666 
-1.90067265091268 
-0.641599055718901 
1.00118407803064 
2.08179369570321 
-0.710527314697352 
-0.0238965372560184 
0.857491834871591 
-0.745393414089516 
1.6424470203894 
-0.105268817451646 
-0.87887450126679 
1.07541833868585 
1.22760147298688 
-1.71066891032302 
1.02817529342519 
-0.754326212862964 
0.924272593340346 
0.515324258061884 
1.39426628096079 
1.28553133574507 
0.161222288632097 
1.28417370477038 
-3.34913367637347 
1.94846870104102 
0.0163234416497115 
2.58058305005319 
1.63633201141267 
-2.50590186704258 
-1.6293898874278 
1.41469774840578 
1.43212151342359 
1.84411959329151 
-0.299596704857314 
1.74148226796263 
0.737149906084997 
0.591055037689671 
-1.91621943588091 
-1.46308941138733 
2.06186536440224 
1.58739955735459 
0.468647944369088 
0.319771722369724 
2.16812845074743 
-1.62282704603039 
-0.164030498026128 
0.21822287744097 
-2.410697510312 
1.34275144494865 
-0.397548149230761 
-0.950457105955408 
0.362392690421321 
-0.69828552380948 
1.37404799742312 
-0.763676519077514 
1.84204102043718 
-0.600672263436417 
1.5547205064417 
0.262843472252866 
-2.18024338693241 
0.610215861554237 
-2.95902215775563 
-0.767939732499176 
2.91878424543733 
1.4331904604842 
-2.09482092007754 
-2.56071785868974 
-0.656031954672247 
0.711879854977405 
-0.545430580659023 
0.477198394942018 
-1.93544154416594 
-2.61665307161402 
-1.81384157546571 
1.42728047870039 
1.4976292596876 
1.61948133254427 
-1.34906408892858 
-0.600476282119059 
-1.09579461646861 
0.110240907612468 
0.750265230134185 
-1.79240335435295 
-2.2948836459062 
0.442905306491198 
-2.06806284427384 
1.06986302960488 
-1.42784926613858 
0.233050552040378 
0.44728017024381 
1.03491224163582 
0.201331897295525 
0.0964336410929509 
-1.77202343910277 
1.88510739606327 
-3.75393227680052 
-0.273322046500208 
-1.45485947523911 
0.869212136284802 
-1.00729846001102 
-0.020236958978635 
0.429267682879066 
-2.09159189508624 
0.388714015041672 
-0.764411780745677 
-0.732348932302466 
-2.91800373608293 
-0.27122188192137 
-0.188480433913161 
-1.25454694774554 
-1.94641003468782 
-3.74229542755426 
1.64949240734843 
-0.993653336902014 
0.84306966468406 
-1.13113313515301 
3.53688100569735 
-0.812596125965587 
1.33718105367139 
0.648889145856923 
-1.42433585210846 
-1.94777937519362 
2.50332312420725 
0.686373603145922 
0.70150428284533 
0.172499227666652 
-0.432522161657384 
3.29251512144497 
-1.49036021074169 
2.65734303206996 
-1.65843550358614 
-2.42769920545962 
0.28912319397984 
-0.243089794613854 
-1.52864996687577 
1.56587997007372 
-2.52776435499169 
1.5659778975077 
-0.507122043097101 
-0.804909789510434 
-0.772079552782588 
-0.839176727155414 
1.90981122542227 
0.042434772222997 
0.935205210149964 
-2.11547892051438 
-1.9599052793352 
0.489140625864464 
1.04670890073068 
-1.12755635231558 
0.304266719675261 
0.825080886032833 
-2.73548188372733 
2.15454261541661 
-2.49267051991874 
0.667420550690453 
1.29016800604639 
-0.388440759620448 
0.345756975375232 
0.650138794528295 
-1.59008857016786 
0.961586701964356 
2.91537585758004 
-2.20049048147178 
0.330370485665777 
-0.872083694579039 
1.62797596212944 
1.23895181777543 
-2.20879652183199 
0.896889657736338 
0.000463244128069862 
-0.00298670624894803 
0.504399152514965 
-1.82960041115123 
-1.22629023286181 
-0.885692112215137 
-1.8241384087027 
-0.541061203264913 
0.695618898536232 
1.54864672475648 
1.32510352095168 
-2.49381969979609 
-1.51642376997409 
0.152299566046794 
-0.262491891999504 
0.189889909996466 
0.314094418187321 
0.816958211763778 
1.53119138630014 
1.63884341994539 
-0.353517322733035 
1.82792406869262 
1.933646121593 
1.07615932120106 
0.766983646144643 
0.101116746314524 
0.715539407914119 
1.44667096371546 
-1.61470774411378 
-1.61489986951906 
0.128229032826531 
0.0378140218656182 
0.284839434715963 
-0.546737877154026 
1.30135149225028 
1.51948670629204 
2.87050575641893 
0.326772471560633 
1.39672396684871 
0.699309255108102 
-0.638537865383923 
-1.64820879878839 
-0.710617248665058 
0.475326805712435 
0.940080113154196 
2.23144398439156 
0.468047562231426 
-0.634920524783482 
-1.62348688672324 
0.647639139810098 
-1.42132062968993 
0.140619625965709 
0.830422992491097 
-2.81534519982222 
-0.279183306283447 
-0.442934565856236 
-1.91128653912903 
3.13116603167132 
-1.00820420671829 
-0.591029058319211 
-0.297772637169133 
0.203421200723521 
-0.211291679764474 
-0.983170201991789 
-0.932593736204449 
1.17161317149845 
-3.28614773236258 
-1.31860406841409 
0.287732221356167 
0.597356774392558 
-0.844600169948074 
0.757666938195248 
1.68050683738588 
2.05652338014601 
0.933301742594571 
1.41566974563463 
0.722818226285198 
2.36093025870187 
-0.827415250677916 
0.551689653399785 
0.545518481332209 
-1.01090126649609 
-0.497081420885355 
-1.47687837014017 
-0.767313260875081 
0.754457982084078 
1.40766591062222 
-2.9226680677623 
-2.41901444001101 
-0.00109149844989909 
-0.266355849746314 
-1.897030306444 
-1.63814620288632 
-0.609181028322509 
-1.48464433350042 
1.94149116140853 
-0.00927683791521966 
-2.661121585493 
-0.989305888134535 
-1.84074778199402 
0.0209911892458239 
2.25268299701492 
-1.77426113120793 
0.275510997803031 
1.07073540879013 
0.356734812364187 
-1.6297265202747 
-2.09440656970093 
1.53850599846158 
-1.60393743146186 
-3.43909613676761 
1.85729022060912 
0.446645427556893 
-0.811581339106406 
0.213276386952494 
-0.0744657388447861 
0.265914868334307 
0.610353980943413 
-0.115644138135223 
1.2082550597555 
-1.63550050328038 
-0.481888567514707 
-1.79388976795334 
-1.07549157647416 
-0.267875196197615 
0.948067354984953 
-2.49405748277097 
0.253809471815311 
-0.485220610730403 
-0.651510192749852 
-1.77341129319022 
-0.270963599995989 
-1.73759836518409 
0.0376620391269576 
-1.52749366845146 
0.973198764267999 
0.808454764986999 
0.612141453758796 
-0.412183932933715 
0.0735510518355682 
0.452731197675839 
-0.120757801450635 
2.65777962358061 
-0.551755356175047 
0.549468311311869 
0.561500542912287 
1.49981035223194 
-2.02371770830026 
-1.69100790967253 
0.478922307567463 
2.1204159227492 
1.94071984292238 
1.66943659792235 
2.21551255098949 
-0.342332557708653 
-0.150349468481815 
1.082798514485 
-1.24465003448242 
0.884175375084476 
-0.385633271833763 
0.311045141861457 
0.766856385403117 
-0.420547098070747 
0.294831383557469 
0.359887685127014 
-0.126058756925419 
-3.26553518448773 
1.6192102021473 
1.3357777764716 
-0.0857063606981765 
0.497421583697554 
3.39663159335815 
-0.508983896488046 
-0.266695377508783 
0.918880868134721 
-1.83824979368745 
-1.15994968978019 
0.164253820413727 
-0.692238491263213 
-0.740083789261958 
-0.0850521809926771 
0.89141765879589 
1.17113933144296 
-0.159521757947126 
-0.280802780006669 
0.57976622185499 
-0.522961785667566 
-2.79257049983873 
-2.51089554338879 
-1.45251697093683 
0.20029589333545 
0.0814707988867735 
1.41486179272413 
0.90461520624879 
-0.446457149865235 
1.77767370459034 
-0.0519528518186257 
1.80044172928304 
-0.519695501760108 
0.418678115489501 
-2.5625975239857 
-1.74992373785296 
0.813889648778157 
0.835918535511464 
-1.17848775686638 
2.29166895032055 
0.713541412950075 
0.0828355000406693 
0.372507153260747 
1.05588408683307 
-1.31069022543151 
0.17551899536943 
1.90136258135565 
-0.595440648337666 
-0.340783810513249 
1.33197501620914 
-0.419222551620674 
0.265482086160287 
1.04273020182699 
1.66984401548138 
1.78732753123868 
-0.159080687728234 
0.295123831877649 
1.18273916300193 
1.28386790671552 
2.62450241625937 
0.546835622306858 
-0.340757114568087 
3.44360547450166 
5.27509347362543 
0.728394337156495 
1.64496501576935 
-0.143961629394768 
0.0192819503108179 
-0.990863330658164 
-1.79454638729378 
-0.177353483336134 
-0.762277245578951 
-0.697027519265336 
0.881171712097514 
1.90229490726659 
-0.143145494340641 
0.672889024907142 
2.01341976294674 
-0.869412011465855 
-2.73399082597527 
1.33395424884389 
5.21146151584023 
1.34627107787195 
-2.51186118876962 
-0.311761267938939 
-0.491577052766281 
1.35728818137659 
0.541278138627608 
1.34333925533546 
0.374693232502595 
1.11567508960964 
-0.140905323285421 
1.42421323387632 
1.52106026679482 
-1.16345642665811 
-2.62453631668718 
-1.23271620606264 
-1.34718260477189 
-1.18027205359643 
-3.48467138669141 
-1.48868069048083 
-0.381925917914899 
-1.58199142310805 
-0.00564257427278622 
-2.39249683951128 
-1.93483002736904 
-1.18770288638797 
2.29535286850161 
0.277356050169379 
0.086341405971564 
2.04325797879459 
-1.41821983850324 
0.419199290987781 
-0.949128889678415 
1.40860071234938 
-0.890232963969475 
-1.60197417953556 
0.492611506198298 
1.53740321013254 
-0.636286400393154 
-0.65663401067716 
0.748522136972076 
0.283707533079748 
-0.783441628820726 
-0.162129026440521 
-2.30326374672933 
0.773325334473109 
2.08915689790651 
-0.525880935212383 
2.33429561786113 
-1.90940831740846 
1.56486899544062 
-0.00468450922470032 
1.45843321106598 
-0.559775964640792 
2.54883169841063 
0.720155909946417 
1.96460357363566 
2.03257076517519 
-0.657417862119078 
2.09078697652243 
0.0791979517546594 
-0.181382756452305 
2.09097207923048 
0.554724790927978 
-0.951798296209851 
-1.19251948852792 
-2.80867577101327 
1.10474972911352 
0.445359375952553 
-2.86507003612257 
1.65226801342945 
-1.72034420873949 
-3.94734727947504 
2.63508658773583 
4.96893721496203 
0.280550240825597 
-1.24108854616996 
-0.705458056495947 
-0.916061058450617 
0.463778752041932 
1.75035953622638 
-1.52363442047945 
-0.127741970396697 
0.403464133808638 
0.377122272758922 
-0.106937576991395 
0.800025872921606 
-1.07163028954446 
1.80812483716793 
-1.08190045253975 
1.76615385245381 
-0.163342514924214 
-0.400152281456144 
-1.54515059902985 
1.29017194724542 
0.718377505935094 
0.212155358158333 
-3.48166152784901 
0.014315514066291 
-1.07464753066054 
-0.0998749330615136 
-0.538619038824304 
2.67274856035813 
-0.198087454765387 
0.37212930397296 
-0.935187468159082 
-2.10670314478476 
1.08999077199019 
0.556561106827321 
-1.99901052734731 
-1.35085750050887 
-1.3336052027396 
-2.50207769811331 
2.06956242932371 
-1.17443611522225 
-0.886871768095064 
0.558704056662955 
-0.608812569192553 
-1.43754011016243 
-0.184421833408313 
2.30353031395766 
-0.902613977072734 
-0.0945081002503039 
1.64247259942092 
-0.872755042436283 
-0.432635054966622 
-2.33232532215209 
1.07081873757531 
0.797330494788862 
-0.0698228414810311 
1.29939336302279 
-0.19185808728707 
-0.507710670957142 
-0.353069045402071 
-1.5873526260831 
-0.420331383403911 
-0.974577219262337 
-2.82519405320441 
1.85616653402039 
0.336778285377469 
1.34047789024244 
-0.186129732213148 
-0.7408491581493 
-1.41975455778881 
0.252154673063404 
-0.226075465577432 
-0.881294021821196 
-0.789356101653037 
1.70275416787289 
0.466062651498636 
-1.46636605081857 
0.109835055032027 
-0.434796653922602 
2.49701670996794 
1.0996837314948 
-0.617132328821127 
1.28502843100744 
0.13016856727054 
0.382098298174494 
-0.330317803881636 
2.3944571807099 
-2.4344164088587 
-1.01690666769055 
-0.631408497172452 
-0.454829085177546 
-0.195753987906412 
-1.91942603093762 
-0.226607787194292 
-0.686332831876205 
0.756420777519103 
-3.07006826731128 
-2.87172894050231 
0.897785551857079 
0.618488158249035 
0.321559533227128 
-0.530117734159911 
-1.21521933028686 
2.46921906069085 
0.901154476105641 
0.762390202959734 
-0.402571430774131 
-0.286994980540239 
-2.2640029223213 
0.258825389730957 
0.504340337509466 
0.82985685419963 
-0.915508543252253 
0.598704251515618 
-1.82806410922491 
0.216571700013443 
-2.09713475151034 
0.648260707420951 
-0.00416218359597487 
-0.686852095000943 
2.60155208167418 
-1.80126174857469 
1.46273181773512 
-0.118109003966066 
-0.341026013313536 
1.20594686565508 
-1.20712036856477 
2.26009213743357 
-0.855351638541126 
-2.18159963530069 
-2.10620663794425 
-0.167154893128835 
1.53163865217315 
0.918071285904485 
-2.73583530167755 
-1.20739650817015 
-0.298642700686244 
0.957195634731328 
1.1082225888225 
0.915664915785804 
-0.951893312978428 
0.896419665951594 
-0.335815390824561 
-0.597776714879153 
0.540760298957831 
-0.129249935854914 
-0.284330492464431 
-1.37719457492132 
-0.0790930362810404 
-0.998320085957451 
-0.136290989428068 
0.128589503442576 
-0.358380093664477 
0.221723938641459 
0.230685947127793 
-1.28645802061452 
-0.731273713563497 
0.0817566990221332 
1.02257978817342 
0.78017709543698 
0.157087381905305 
0.391684870982437 
-0.357045266770465 
-1.87508975809512 
2.24336838025417 
3.37905642835754 
1.89085067457044 
-1.95632631587495 
-1.27565041461127 
-0.237786714507573 
2.36345869724444 
-0.55170873943494 
-1.09461313085609 
-0.704268259865223 
0.770027555681217 
-1.15571435694897 
-0.617285906091903 
0.120153706140786 
-0.738472383918688 
-0.72667537937307 
0.107309399345176 
-0.592954928081227 
2.8765501580862 
-0.160853180311173 
-3.00450953747819 
-0.594705390719451 
-0.372729927908798 
-0.58701968064362 
0.195838807700407 
-0.122778909874209 
0.284776411174641 
1.45649912507779 
-2.69333160154829 
-0.283281370886548 
0.973053481351688 
0.14341267273651 
-2.4708782736272 
-1.91794126708047 
-1.52573952946466 
0.211118497892128 
-0.560583523240599 
4.44030943139944 
-0.1530802798158 
-1.20659590001592 
0.919838417045841 
0.804833312243442 
-0.134355085117126 
1.30743035158981 
0.194185436430658 
-0.983405764805962 
0.240506083929659 
-1.49706207944708 
-0.266609487770344 
1.7011146538606 
0.674706777651724 
-1.17462084985469 
1.70065457850275 
0.673274733375928 
-0.862800680811442 
1.01631134945859 
-2.79719734248698 
-1.51609863751183 
1.31347395461266 
-3.09418448330359 
0.321629210279943 
-0.717952138486747 
-1.62803094677723 
0.979391675692214 
0.828853205701358 
-2.27610231621001 
-0.648894214045594 
-1.00979401862615 
0.149449908478944 
2.6717084327477 
1.04397270291682 
2.57000078758914 
0.264631692250628 
0.314867010030445 
-0.630421594141712 
3.4220616320718 
0.443990342170306 
-1.37432229470489 
0.696591277954074 
0.534120433496862 
0.3468010472856 
1.05746682991364 
1.21314526480615 
1.09624800800831 
2.82263905449544 
2.91830895142339 
2.17596576614692 
-1.09108020159005 
1.06223218348213 
0.394830568009301 
0.0751911683439358 
0.509708825850913 
3.42199949415399 
-0.420045578287006 
-3.71037294754395 
-3.511977017398 
-0.378491990423822 
-0.717404706766079 
-0.660121743222364 
-1.67376627469438 
0.179420191718393 
-0.750443048679818 
-2.00149722606727 
1.44786861988956 
1.37209959507823 
0.18036164755062 
1.53468653949892 
-1.34134277022961 
-1.72842255803807 
0.948073957461453 
1.77258356565875 
-1.91716940540614 
-0.661155147000672 
1.20092006795092 
2.68564717045518 
0.761214750908612 
-0.846578024095126 
-0.681594916102638 
-0.22754900036044 
0.636938927669779 
-1.21593036645474 
0.107532699181131 
0.144612573205118 
-0.341810549431547 
0.579790572460435 
-1.00684009861373 
0.867773503267562 
1.28793633511281 
1.5572121680672 
-1.15045532570042 
0.38354357253472 
-1.22438656006903 
1.02942974969603 
2.80855804571403 
-0.295959886428881 
-1.08879958819888 
0.091850569030388 
-0.406127598651311 
-1.66552556443236 
-1.15012331094618 
1.01820706493073 
0.294964506763518 
-1.02355366895098 
-0.695468329980469 
-0.499137222140604 
1.45843928069836 
0.439937501316805 
1.20411084020598 
0.697864060617534 
0.109264732131913 
0.130628083980345 
0.333640298786023 
0.17216591306369 
0.386644807151736 
0.324401817139444 
-1.1647718777623 
0.117479861805929 
0.130916814714343 
-0.482541094970082 
-2.92962723252758 
2.3888311277076 
1.25549620264913 
-0.967412914212573 
0.775706804531767 
-0.924279748490095 
1.49799671911856 
1.75038147334059 
-0.580685469988493 
0.715713554791736 
-0.5797018727255 
2.24505035022747 
-0.233541873130679 
1.68281307349139 
-0.665652214374841 
-1.00502417431335 
-2.22338348077612 
-1.7753404281237 
0.124747501772324 
-0.548396637419962 
0.866321376347759 
-2.29794144748919 
2.63809024466906 
-0.0935460521609769 
-1.56524799878522 
-2.16235348637134 
-1.13622230403749 
0.230959046303559 
1.79123559604986 
-0.47890994423253 
-2.77933385624417 
0.559478941939902 
1.54954522372035 
-2.66253305073405 
-0.215066366508927 
-1.20901826029887 
4.60983162523168 
0.856889492126901 
1.72296245800386 
-0.952086554171132 
3.86410543195714 
0.669161096967826 
-0.916506937711709 
-3.1416586796913 
0.895874069815214 
0.00727888755240019 
-3.25759226104314 
3.82065545428024 
0.820544315014399 
-0.0843956470514913 
-0.276282552936293 
1.80971344347514 
0.485835176722451 
0.531406197963139 
-1.53559444196992 
1.21612676603235 
-2.07610219875553 
-1.20039560941719 
-1.25795966635353 
4.67394271756398 
0.759459703503449 
-1.71198732668088 
1.12361688291715 
0.7527364728277 
-0.0460656272037298 
-0.910125287296172 
-0.26278419989359 
-0.611466953086834 
-1.08914704010007 
-2.14541732639759 
-2.36097342776079 
-1.59970973258284 
1.36070209915555 
0.547859083055745 
-0.625395773820364 
2.06595012160906 
-0.873339581240909 
-1.30940440742578 
1.77960905556078 
-1.51133637976122 
2.48714637365993 
-0.760562055291126 
0.572179914878376 
0.947736789121855 
1.00351371749604 
-0.557542191063154 
1.33935854441049 
-0.315069605751417 
-0.172004923944483 
-1.7805015803051 
0.916845519587349 
1.29558927143497 
-1.85387104564039 
-2.06736821380686 
1.20886789840632 
3.06185481627373 
-2.53061025411125 
-1.80051809090058 
0.0918656977056229 
1.48425762257821 
-0.375120662010051 
1.04020283598189 
-1.77191506292105 
0.386919292862886 
-1.36643987405483 
0.411144641723394 
-0.404077374594305 
0.661187555917241 
-1.11210344314378 
-0.397636291396585 
1.27530708855501 
-0.18901686962116 
-0.774567052899198 
-1.55184877536221 
0.940707924170254 
0.1592888748378 
-3.08545922802154 
-0.12868158869341 
0.642167030377487 
4.13680551222893 
1.11583096052796 
-0.806097381173446 
1.25845229046852 
-0.156226171472603 
-0.0206072689797022 
-0.321255531271081 
-2.39011143042441 
2.58569996616608 
-1.32601837685288 
-0.471611405835084 
1.01146918300651 
0.903974013541794 
0.0751728153459312 
1.5015193785012 
1.42535479536059 
3.29983031211274 
-1.48413349319176 
0.870917402557624 
0.0579228649591731 
0.893363165219564 
-0.588604136802927 
-0.478483748913758 
0.591833682257747 
-0.777775800888695 
-0.765865152741793 
-0.536420536450576 
-0.243685079012642 
-2.17612887601781 
-1.91981114995383 
-1.86631809200984 
-1.21050097466722 
-0.61391496238461 
-1.00627075802427 
1.71526107620871 
-0.833878897990917 
-2.04921390091839 
0.146426183471406 