-0.114362659510214 
-0.501006213769168 
-0.180086055725376 
-1.75561664840636 
1.30389771426682 
-1.45692875883724 
-1.97804488660925 
-0.115741820914795 
2.02158137124393 
-0.00457276106252646 
-1.19113818322341 
-0.120952491513547 
2.21387790696804 
-0.225044332668452 
-0.796920118503453 
-1.93809322766991 
-2.71780869174637 
1.51477208224054 
2.14455751148308 
-1.24286451051614 
-0.78024859397855 
1.52237726502925 
-0.739422470892417 
-0.278205564855777 
-0.417014961793664 
-0.697398627189791 
-0.0850693119522093 
0.345252104368651 
-0.394128251081607 
0.818113672315666 
-1.90067265091268 
-0.641599055718901 
1.00118407803064 
2.08179369570321 
-0.710527314697352 
-0.0238965372560184 
0.857491834871591 
-0.745393414089516 
1.6424470203894 
-0.105268817451646 
-0.87887450126679 
1.07541833868585 
1.22760147298688 
-1.71066891032302 
1.02817529342519 
-0.754326212862964 
0.924272593340346 
0.515324258061884 
1.39426628096079 
1.28553133574507 
0.161222288632097 
1.28417370477038 
-3.34913367637347 
1.94846870104102 
0.0163234416497115 
2.58058305005319 
1.63633201141267 
-2.50590186704258 
-1.6293898874278 
1.41469774840578 
1.43212151342359 
1.84411959329151 
-0.299596704857314 
1.74148226796263 
0.737149906084997 
0.591055037689671 
-1.91621943588091 
-1.46308941138733 
2.06186536440224 
1.58739955735459 
0.468647944369088 
0.319771722369724 
2.16812845074743 
-1.62282704603039 
-0.164030498026128 
0.21822287744097 
-2.410697510312 
1.34275144494865 
-0.397548149230761 
-0.950457105955408 
0.362392690421321 
-0.69828552380948 
1.37404799742312 
-0.763676519077514 
1.84204102043718 
-0.600672263436417 
1.5547205064417 
0.262843472252866 
-2.18024338693241 
0.610215861554237 
-2.95902215775563 
-0.767939732499176 
2.91878424543733 
1.4331904604842 
-2.09482092007754 
-2.56071785868974 
-0.656031954672247 
0.711879854977405 
-0.545430580659023 
0.477198394942018 
-1.93544154416594 
-2.61665307161402 
-1.81384157546571 
1.42728047870039 
1.4976292596876 
1.61948133254427 
-1.34906408892858 
-0.600476282119059 
-1.09579461646861 
0.110240907612468 
0.750265230134185 
-1.79240335435295 
-2.2948836459062 
0.442905306491198 
-2.06806284427384 
1.06986302960488 
-1.42784926613858 
0.233050552040378 
0.44728017024381 
1.03491224163582 
0.201331897295525 
0.0964336410929509 
-1.77202343910277 
1.88510739606327 
-3.75393227680052 
-0.273322046500208 
-1.45485947523911 
0.869212136284802 
-1.00729846001102 
-0.020236958978635 
0.429267682879066 
-2.09159189508624 
0.388714015041672 
-0.764411780745677 
-0.732348932302466 
-2.91800373608293 
-0.27122188192137 
-0.188480433913161 
-1.25454694774554 
-1.94641003468782 
-3.74229542755426 
1.64949240734843 
-0.993653336902014 
0.84306966468406 
-1.13113313515301 
3.53688100569735 
-0.812596125965587 
1.33718105367139 
0.648889145856923 
-1.42433585210846 
-1.94777937519362 
2.50332312420725 
0.686373603145922 
0.70150428284533 
0.172499227666652 
-0.432522161657384 
3.29251512144497 
-1.49036021074169 
2.65734303206996 
-1.65843550358614 
-2.42769920545962 
0.28912319397984 
-0.243089794613854 
-1.52864996687577 
1.56587997007372 
-2.52776435499169 
1.5659778975077 
-0.507122043097101 
-0.804909789510434 
-0.772079552782588 
-0.839176727155414 
1.90981122542227 
0.042434772222997 
0.935205210149964 
-2.11547892051438 
-1.9599052793352 
0.489140625864464 
1.04670890073068 
-1.12755635231558 
0.304266719675261 
0.825080886032833 
-2.73548188372733 
2.15454261541661 
-2.49267051991874 
0.667420550690453 
1.29016800604639 
-0.388440759620448 
0.345756975375232 
0.650138794528295 
-1.59008857016786 
0.961586701964356 
2.91537585758004 
-2.20049048147178 
0.330370485665777 
-0.872083694579039 
1.62797596212944 
1.23895181777543 
-2.20879652183199 
0.896889657736338 
0.000463244128069862 
-0.00298670624894803 
0.504399152514965 
-1.82960041115123 
-1.22629023286181 
-0.885692112215137 
-1.8241384087027 
-0.541061203264913 
0.695618898536232 
1.54864672475648 
1.32510352095168 
-2.49381969979609 
-1.51642376997409 
0.152299566046794 
-0.262491891999504 
0.189889909996466 
0.314094418187321 
0.816958211763778 
1.53119138630014 
1.63884341994539 
-0.353517322733035 
1.82792406869262 
1.933646121593 
1.07615932120106 
0.766983646144643 
0.101116746314524 
0.715539407914119 
1.44667096371546 
-1.61470774411378 
-1.61489986951906 
0.128229032826531 
0.0378140218656182 
0.284839434715963 
-0.546737877154026 
1.30135149225028 
1.51948670629204 
2.87050575641893 
0.326772471560633 
1.39672396684871 
0.699309255108102 
-0.638537865383923 
-1.64820879878839 
-0.710617248665058 
0.475326805712435 
0.940080113154196 
2.23144398439156 
0.468047562231426 
-0.634920524783482 
-1.62348688672324 
0.647639139810098 
-1.42132062968993 
0.140619625965709 
0.830422992491097 
-2.81534519982222 
-0.279183306283447 
-0.442934565856236 
-1.91128653912903 
3.13116603167132 
-1.00820420671829 
-0.591029058319211 
-0.297772637169133 
0.203421200723521 
-0.211291679764474 
-0.983170201991789 
-0.932593736204449 
1.17161317149845 
-3.28614773236258 
-1.31860406841409 
0.287732221356167 
0.597356774392558 
-0.844600169948074 
0.757666938195248 
1.68050683738588 
2.05652338014601 
0.933301742594571 
1.41566974563463 
0.722818226285198 
2.36093025870187 
-0.827415250677916 
0.551689653399785 
0.545518481332209 
-1.01090126649609 
-0.497081420885355 
-1.47687837014017 
-0.767313260875081 
0.754457982084078 
1.40766591062222 
-2.9226680677623 
-2.41901444001101 
-0.00109149844989909 
-0.266355849746314 
-1.897030306444 
-1.63814620288632 
-0.609181028322509 
-1.48464433350042 
1.94149116140853 
-0.00927683791521966 
-2.661121585493 
-0.989305888134535 
-1.84074778199402 
0.0209911892458239 
2.25268299701492 
-1.77426113120793 
0.275510997803031 
1.07073540879013 
0.356734812364187 
-1.6297265202747 
-2.09440656970093 
1.53850599846158 
-1.60393743146186 
-3.43909613676761 
1.85729022060912 
0.446645427556893 
-0.811581339106406 
0.213276386952494 
-0.0744657388447861 
0.265914868334307 
0.610353980943413 
-0.115644138135223 
1.2082550597555 
-1.63550050328038 
-0.481888567514707 
-1.79388976795334 
-1.07549157647416 
-0.267875196197615 
0.948067354984953 
-2.49405748277097 
0.253809471815311 
-0.485220610730403 
-0.651510192749852 
-1.77341129319022 
-0.270963599995989 
-1.73759836518409 
0.0376620391269576 
-1.52749366845146 
0.973198764267999 
0.808454764986999 
0.612141453758796 
-0.412183932933715 
0.0735510518355682 
0.452731197675839 
-0.120757801450635 
2.65777962358061 
-0.551755356175047 
0.549468311311869 
0.561500542912287 
1.49981035223194 
-2.02371770830026 
-1.69100790967253 
0.478922307567463 
2.1204159227492 
1.94071984292238 
1.66943659792235 
2.21551255098949 
-0.342332557708653 
-0.150349468481815 
1.082798514485 
-1.24465003448242 
0.884175375084476 
-0.385633271833763 
0.311045141861457 
0.766856385403117 
-0.420547098070747 
0.294831383557469 
0.359887685127014 
-0.126058756925419 
-3.26553518448773 
1.6192102021473 
1.3357777764716 
-0.0857063606981765 
0.497421583697554 
3.39663159335815 
-0.508983896488046 
-0.266695377508783 
0.918880868134721 
-1.83824979368745 
-1.15994968978019 
0.164253820413727 
-0.692238491263213 
-0.740083789261958 
-0.0850521809926771 
0.89141765879589 
1.17113933144296 
-0.159521757947126 
-0.280802780006669 
0.57976622185499 
-0.522961785667566 
-2.79257049983873 
-2.51089554338879 
-1.45251697093683 
0.20029589333545 
0.0814707988867735 
1.41486179272413 
0.90461520624879 
-0.446457149865235 
1.77767370459034 
-0.0519528518186257 
1.80044172928304 
-0.519695501760108 
0.418678115489501 
-2.5625975239857 
-1.74992373785296 
0.813889648778157 
0.835918535511464 
-1.17848775686638 
2.29166895032055 
0.713541412950075 
0.0828355000406693 
0.372507153260747 
1.05588408683307 
-1.31069022543151 
0.17551899536943 
1.90136258135565 
-0.595440648337666 
-0.340783810513249 
1.33197501620914 
-0.419222551620674 
0.265482086160287 
1.04273020182699 
1.66984401548138 
1.78732753123868 
-0.159080687728234 
0.295123831877649 
1.18273916300193 
1.28386790671552 
2.62450241625937 
0.546835622306858 
-0.340757114568087 
3.44360547450166 
5.27509347362543 
0.728394337156495 
1.64496501576935 
-0.143961629394768 
0.0192819503108179 
-0.990863330658164 
-1.79454638729378 
-0.177353483336134 
-0.762277245578951 
-0.697027519265336 
0.881171712097514 
1.90229490726659 
-0.143145494340641 
0.672889024907142 
2.01341976294674 
-0.869412011465855 
-2.73399082597527 
1.33395424884389 
5.21146151584023 
1.34627107787195 
-2.51186118876962 
-0.311761267938939 
-0.491577052766281 
1.35728818137659 
0.541278138627608 
1.34333925533546 
0.374693232502595 
1.11567508960964 
-0.140905323285421 
1.42421323387632 
1.52106026679482 
-1.16345642665811 
-2.62453631668718 
-1.23271620606264 
-1.34718260477189 
-1.18027205359643 
-3.48467138669141 
-1.48868069048083 
-0.381925917914899 
-1.58199142310805 
-0.00564257427278622 
-2.39249683951128 
-1.93483002736904 
-1.18770288638797 
2.29535286850161 
0.277356050169379 
0.086341405971564 
2.04325797879459 
-1.41821983850324 
0.419199290987781 
-0.949128889678415 
1.40860071234938 
-0.890232963969475 
-1.60197417953556 
0.492611506198298 
1.53740321013254 
-0.636286400393154 
-0.65663401067716 
0.748522136972076 
0.283707533079748 
-0.783441628820726 
-0.162129026440521 
-2.30326374672933 
0.773325334473109 
2.08915689790651 
-0.525880935212383 
2.33429561786113 
-1.90940831740846 
1.56486899544062 
-0.00468450922470032 
1.45843321106598 
-0.559775964640792 
2.54883169841063 
0.720155909946417 
1.96460357363566 
2.03257076517519 
-0.657417862119078 
2.09078697652243 
0.0791979517546594 
-0.181382756452305 
2.09097207923048 
0.554724790927978 
-0.951798296209851 
-1.19251948852792 
-2.80867577101327 
1.10474972911352 
0.445359375952553 
-2.86507003612257 
1.65226801342945 
-1.72034420873949 
-3.94734727947504 
2.63508658773583 
4.96893721496203 
0.280550240825597 
-1.24108854616996 
-0.705458056495947 
-0.916061058450617 
0.463778752041932 
1.75035953622638 
-1.52363442047945 
-0.127741970396697 
0.403464133808638 
0.377122272758922 
-0.106937576991395 
0.800025872921606 
-1.07163028954446 
1.80812483716793 
-1.08190045253975 
1.76615385245381 
-0.163342514924214 
-0.400152281456144 
-1.54515059902985 
1.29017194724542 
0.718377505935094 
0.212155358158333 
-3.48166152784901 
0.014315514066291 
-1.07464753066054 
-0.0998749330615136 
-0.538619038824304 
2.67274856035813 
-0.198087454765387 
0.37212930397296 
-0.935187468159082 
-2.10670314478476 
1.08999077199019 
0.556561106827321 
-1.99901052734731 
-1.35085750050887 
-1.3336052027396 
-2.50207769811331 
2.06956242932371 
-1.17443611522225 
-0.886871768095064 
0.558704056662955 
-0.608812569192553 
-1.43754011016243 
-0.184421833408313 
2.30353031395766 
-0.902613977072734 
-0.0945081002503039 
1.64247259942092 
-0.872755042436283 
-0.432635054966622 
-2.33232532215209 
1.07081873757531 
0.797330494788862 
-0.0698228414810311 
1.29939336302279 
-0.19185808728707 
-0.507710670957142 
-0.353069045402071 
-1.5873526260831 
-0.420331383403911 
-0.974577219262337 
-2.82519405320441 
1.85616653402039 
0.336778285377469 
1.34047789024244 
-0.186129732213148 
-0.7408491581493 
-1.41975455778881 
0.252154673063404 
-0.226075465577432 
-0.881294021821196 
-0.789356101653037 
1.70275416787289 
0.466062651498636 
-1.46636605081857 
0.109835055032027 
-0.434796653922602 
2.49701670996794 
1.0996837314948 
-0.617132328821127 
1.28502843100744 
0.13016856727054 
0.382098298174494 
-0.330317803881636 
2.3944571807099 
-2.4344164088587 
-1.01690666769055 
-0.631408497172452 
-0.454829085177546 
-0.195753987906412 
-1.91942603093762 
-0.226607787194292 
-0.686332831876205 
0.756420777519103 
-3.07006826731128 
-2.87172894050231 
0.897785551857079 
0.618488158249035 
0.321559533227128 
-0.530117734159911 
-1.21521933028686 
2.46921906069085 
0.901154476105641 
0.762390202959734 
-0.402571430774131 
-0.286994980540239 
-2.2640029223213 
0.258825389730957 
0.504340337509466 
0.82985685419963 
-0.915508543252253 
0.598704251515618 
-1.82806410922491 
0.216571700013443 
-2.09713475151034 
0.648260707420951 
-0.00416218359597487 
-0.686852095000943 
2.60155208167418 
-1.80126174857469 
1.46273181773512 
-0.118109003966066 
-0.341026013313536 
1.20594686565508 
-1.20712036856477 
2.26009213743357 
-0.855351638541126 
-2.18159963530069 
-2.10620663794425 
-0.167154893128835 
1.53163865217315 
0.918071285904485 
-2.73583530167755 
-1.20739650817015 
-0.298642700686244 
0.957195634731328 
1.1082225888225 
0.915664915785804 
-0.951893312978428 
0.896419665951594 
-0.335815390824561 
-0.597776714879153 
0.540760298957831 
-0.129249935854914 
-0.284330492464431 
-1.37719457492132 
-0.0790930362810404 
-0.998320085957451 
-0.136290989428068 
0.128589503442576 
-0.358380093664477 
0.221723938641459 
0.230685947127793 
-1.28645802061452 
-0.731273713563497 
0.0817566990221332 
1.02257978817342 
0.78017709543698 
0.157087381905305 
0.391684870982437 
-0.357045266770465 
-1.87508975809512 
2.24336838025417 
3.37905642835754 
1.89085067457044 
-1.95632631587495 
-1.27565041461127 
-0.237786714507573 
2.36345869724444 
-0.55170873943494 
-1.09461313085609 
-0.704268259865223 
0.770027555681217 
-1.15571435694897 
-0.617285906091903 
0.120153706140786 
-0.738472383918688 
-0.72667537937307 
0.107309399345176 
-0.592954928081227 
2.8765501580862 
-0.160853180311173 
-3.00450953747819 
-0.594705390719451 
-0.372729927908798 
-0.58701968064362 
0.195838807700407 
-0.122778909874209 
0.284776411174641 
1.45649912507779 
-2.69333160154829 
-0.283281370886548 
0.973053481351688 
0.14341267273651 
-2.4708782736272 
-1.91794126708047 
-1.52573952946466 
0.211118497892128 
-0.560583523240599 
4.44030943139944 
-0.1530802798158 
-1.20659590001592 
0.919838417045841 
0.804833312243442 
-0.134355085117126 
1.30743035158981 
0.194185436430658 
-0.983405764805962 
0.240506083929659 
-1.49706207944708 
-0.266609487770344 
1.7011146538606 
0.674706777651724 
-1.17462084985469 
1.70065457850275 
0.673274733375928 
-0.862800680811442 
1.01631134945859 
-2.79719734248698 
-1.51609863751183 
1.31347395461266 
-3.09418448330359 
0.321629210279943 
-0.717952138486747 
-1.62803094677723 
0.979391675692214 
0.828853205701358 
-2.27610231621001 
-0.648894214045594 
-1.00979401862615 
0.149449908478944 
2.6717084327477 
1.04397270291682 
2.57000078758914 
0.264631692250628 
0.314867010030445 
-0.630421594141712 
3.4220616320718 
0.443990342170306 
-1.37432229470489 
0.696591277954074 
0.534120433496862 
0.3468010472856 
1.05746682991364 
1.21314526480615 
1.09624800800831 
2.82263905449544 
2.91830895142339 
2.17596576614692 
-1.09108020159005 
1.06223218348213 
0.394830568009301 
0.0751911683439358 
0.509708825850913 
3.42199949415399 
-0.420045578287006 
-3.71037294754395 
-3.511977017398 
-0.378491990423822 
-0.717404706766079 
-0.660121743222364 
-1.67376627469438 
0.179420191718393 
-0.750443048679818 
-2.00149722606727 
1.44786861988956 
1.37209959507823 
0.18036164755062 
1.53468653949892 
-1.34134277022961 
-1.72842255803807 
0.948073957461453 
1.77258356565875 
-1.91716940540614 
-0.661155147000672 
1.20092006795092 
2.68564717045518 
0.761214750908612 
-0.846578024095126 
-0.681594916102638 
-0.22754900036044 
0.636938927669779 
-1.21593036645474 
0.107532699181131 
0.144612573205118 
-0.341810549431547 
0.579790572460435 
-1.00684009861373 
0.867773503267562 
1.28793633511281 
1.5572121680672 
-1.15045532570042 
0.38354357253472 
-1.22438656006903 
1.02942974969603 
2.80855804571403 
-0.295959886428881 
-1.08879958819888 
0.091850569030388 
-0.406127598651311 
-1.66552556443236 
-1.15012331094618 
1.01820706493073 
0.294964506763518 
-1.02355366895098 
-0.695468329980469 
-0.499137222140604 
1.45843928069836 
0.439937501316805 
1.20411084020598 
0.697864060617534 
0.109264732131913 
0.130628083980345 
0.333640298786023 
0.17216591306369 
0.386644807151736 
0.324401817139444 
-1.1647718777623 
0.117479861805929 
0.130916814714343 
-0.482541094970082 
-2.92962723252758 
2.3888311277076 
1.25549620264913 
-0.967412914212573 
0.775706804531767 
-0.924279748490095 
1.49799671911856 
1.75038147334059 
-0.580685469988493 
0.715713554791736 
-0.5797018727255 
2.24505035022747 
-0.233541873130679 
1.68281307349139 
-0.665652214374841 
-1.00502417431335 
-2.22338348077612 
-1.7753404281237 
0.124747501772324 
-0.548396637419962 
0.866321376347759 
-2.29794144748919 
2.63809024466906 
-0.0935460521609769 
-1.56524799878522 
-2.16235348637134 
-1.13622230403749 
0.230959046303559 
1.79123559604986 
-0.47890994423253 
-2.77933385624417 
0.559478941939902 
1.54954522372035 
-2.66253305073405 
-0.215066366508927 
-1.20901826029887 
4.60983162523168 
0.856889492126901 
1.72296245800386 
-0.952086554171132 
3.86410543195714 
0.669161096967826 
-0.916506937711709 
-3.1416586796913 
0.895874069815214 
0.00727888755240019 
-3.25759226104314 
3.82065545428024 
0.820544315014399 
-0.0843956470514913 
-0.276282552936293 
1.80971344347514 
0.485835176722451 
0.531406197963139 
-1.53559444196992 
1.21612676603235 
-2.07610219875553 
-1.20039560941719 
-1.25795966635353 
4.67394271756398 
0.759459703503449 
-1.71198732668088 
1.12361688291715 
0.7527364728277 
-0.0460656272037298 
-0.910125287296172 
-0.26278419989359 
-0.611466953086834 
-1.08914704010007 
-2.14541732639759 
-2.36097342776079 
-1.59970973258284 
1.36070209915555 
0.547859083055745 
-0.625395773820364 
2.06595012160906 
-0.873339581240909 
-1.30940440742578 
1.77960905556078 
-1.51133637976122 
2.48714637365993 
-0.760562055291126 
0.572179914878376 
0.947736789121855 
1.00351371749604 
-0.557542191063154 
1.33935854441049 
-0.315069605751417 
-0.172004923944483 
-1.7805015803051 
0.916845519587349 
1.29558927143497 
-1.85387104564039 
-2.06736821380686 
1.20886789840632 
3.06185481627373 
-2.53061025411125 
-1.80051809090058 
0.0918656977056229 
1.48425762257821 
-0.375120662010051 
1.04020283598189 
-1.77191506292105 
0.386919292862886 
-1.36643987405483 
0.411144641723394 
-0.404077374594305 
0.661187555917241 
-1.11210344314378 
-0.397636291396585 
1.27530708855501 
-0.18901686962116 
-0.774567052899198 
-1.55184877536221 
0.940707924170254 
0.1592888748378 
-3.08545922802154 
-0.12868158869341 
0.642167030377487 
4.13680551222893 
1.11583096052796 
-0.806097381173446 
1.25845229046852 
-0.156226171472603 
-0.0206072689797022 
-0.321255531271081 
-2.39011143042441 
2.58569996616608 
-1.32601837685288 
-0.471611405835084 
1.01146918300651 
0.903974013541794 
0.0751728153459312 
1.5015193785012 
1.42535479536059 
3.29983031211274 
-1.48413349319176 
0.870917402557624 
0.0579228649591731 
0.893363165219564 
-0.588604136802927 
-0.478483748913758 
0.591833682257747 
-0.777775800888695 
-0.765865152741793 
-0.536420536450576 
-0.243685079012642 
-2.17612887601781 
-1.91981114995383 
-1.86631809200984 
-1.21050097466722 
-0.61391496238461 
-1.00627075802427 
1.71526107620871 
-0.833878897990917 
-2.04921390091839 
0.146426183471406 
0.484612281096089 
0.128215691246334 
-1.67095252730822 
2.36073397351922 
0.184962377645739 
-0.26358092438106 
-0.858908603462283 
1.49825503489673 
0.190158327904635 
0.775562939597157 
-0.559981920435686 
-0.456777736295673 
-0.626120651592491 
0.463555842910704 
-0.613956100139555 
2.13645155923018 
-0.127866287826258 
1.9354753225789 
-1.84508764666599 
-0.28936307156334 
-2.88653580886819 
-0.868179578401357 
-0.562598676623413 
-0.390407184513353 
0.0452644040739668 
-2.8150520148985 
0.00496603251386202 
1.67379574503089 
-0.598405153289628 
-0.818973060689749 
0.858846397258904 
0.712108312510004 
-0.0347095704055506 
0.738269724520855 
1.52627831923526 
-2.10676333393001 
0.87437507648243 
-0.111072409263932 
-0.238709979154779 
1.318353940018 
-1.69113090711251 
-1.08129753056531 
-2.46033215902961 
-0.544825729762285 
0.543131485935023 
1.20019514816049 
2.83256995680114 
-0.582252940276701 
-0.690405735231254 
-1.53215695282804 
-0.281677776703708 
-0.0657247910306237 
0.650063136062367 
1.13380333164017 
-1.3219318470729 
1.93969745158548 
1.65740793125683 
-1.52177321471853 
-0.55324932760866 
1.7721073818673 
-1.96423070596317 
-0.197769929409127 
1.41163884126402 
-1.99205098930207 
0.211774158391319 
-0.813414452124573 
-2.54543800273377 
0.978493630201146 
1.51732217131582 
-1.12049999773834 
1.19366444229357 
3.02544690066715 
-2.62233663017203 
-0.805917600727931 
1.33015170389517 
0.360809805219787 
5.17803483385433 
-2.5690489736129 
-0.838061009450294 
0.180814106025649 
-4.06391254969506 
0.258700011657731 
2.2274877686707 
-1.3596870495212 
0.134341068924537 
-1.76033964455904 
0.82019909153897 
-0.481139665265723 
-2.21979183805747 
-1.623486927372 
1.6713174594334 
4.9180010781246 
1.14625135425934 
1.00460101093114 
1.05890144819142 
-0.172515658732143 
2.10955156877568 
-0.81930292611534 
1.85469765778112 
0.458755976162157 
0.440896226076828 
-0.439332503948049 
-0.881415297016527 
0.228166891183162 
0.112739017999576 
-1.77848393457472 
0.184780086583757 
-1.67135086436168 
1.850285678885 
-0.722509313209327 
-2.11447426744778 
-0.133704570608473 
0.575101666016167 
0.0493548308542999 
0.361690650818484 
1.56202493328863 
-0.14126900461869 
-4.27131289762806 
-3.21243061552774 
-2.26852326507324 
2.11046788726139 
-0.0574435535383543 
0.778464088568966 
-1.37386769440906 
0.437319321461785 
0.0598485604772478 
-0.615073065748937 
-2.2287652128796 
-0.701057536661407 
0.489225083563292 
-0.442159986929613 
1.15971526745008 
-0.0289644585739783 
-0.849117795098544 
-1.19061092345552 
1.54400775051047 
-0.503926854837676 
-0.034187417920729 
0.949256170643596 
1.64889854498579 
-1.13178463756377 
0.454511578940462 
-1.15823927513957 
-0.428214951032906 
-0.0822645992045823 
-0.640292287118544 
-2.8492086129033 
0.77415960914651 
-1.51499947554298 
-1.0061336645439 
-0.607923519291345 
-0.98888527339902 
-0.0245635203691799 
-2.69807590545801 
0.434670435471287 
0.0764075349067525 
-0.695315887276398 
-0.909692438269766 
0.757133446171788 
-0.699997138162431 
0.280731657411104 
1.74299173770747 
-0.083774025472288 
0.484556646409217 
-0.901951128010762 
-0.16189517991637 
-0.710071898383038 
2.6374361709928 
-0.968613527648511 
1.19607184770571 
-0.285855494121966 
0.771115483205245 
1.78870071028458 
-0.641589193202039 
0.323157045798985 
1.63840830212406 
0.799524589692287 
0.775907988576898 
0.771237023715626 
-0.891003697303097 
2.42436363866908 
0.113198319072492 
0.623331212658727 
0.602318787333023 
-0.594778655283059 
-1.15045430599815 
-0.676640370319036 
1.36334188680077 
0.0892466119880407 
0.565138190251014 
-0.910800326386069 
-0.455125259071274 
-0.0565124507226129 
-1.25585567843018 
0.528468595858204 
0.288042232554018 
0.468590906744498 
-2.17555505337449 
2.37179848333383 
0.333019682981205 
-1.00548779864126 
-0.548554257181375 
1.49410884642775 
-0.0750203288333545 
-0.871520261015545 
-0.142654524716568 
-0.530281165913318 
-1.3860762641093 
3.08202297042895 
-1.63679315038276 
0.649785594901761 
-0.389023393734585 
1.85694228317746 
0.878370524143502 
0.403482046504005 
0.662449401027039 
1.89965834272207 
-0.419299654767366 
-0.590387969768294 
1.56181213448133 
1.34219973329627 
-0.17969014312033 
-0.231670131385284 
1.5411379736131 
-0.701244564382567 
0.356320421712829 
-1.32469142379651 
-2.21605497827955 
-0.1288254676073 
-2.17241451214196 
0.100158790992364 
0.644197139337387 
0.706865806174632 
-0.236187988352434 
-1.0470798377992 
1.36719314643756 
-1.29380922501739 
1.04320056509383 
-0.361935391156466 
-0.847482543758438 
-1.73753289751025 
0.368907760207327 
0.227958688358621 
-0.6191067881377 
-0.0386725872076962 
-0.628752539443539 
-0.147699252767909 
0.877758931488918 
-1.06037828800776 
-2.61712258640475 
-2.21739841792787 
-0.640924063950461 
-0.879075046019003 
-2.87011510163631 
-0.92552572058299 
-2.58008129084537 
1.61048980862599 
0.110449094379977 
-2.98489653273207 
-0.438525623619976 
-1.45963817401137 
-0.203290513412618 
0.502831581045122 
-0.160497789939634 
-0.537390715578926 
1.12504468146959 
1.01304785366583 
0.545176602762949 
0.681620023662004 
-0.159709601029214 
-3.069296958686 
3.03197400081988 
-1.102162254609 
-1.43646650026599 
-0.0985718214667267 
0.196076667376016 
0.218169606059141 
-2.21246861483115 
-0.188357982866542 
-1.77238825068179 
-0.881350511571054 
-0.100179941432962 
0.575119874735732 
-0.882628039175352 
0.0212114403387051 
0.126287098062879 
-3.49950992306671 
-0.681908765654947 
-1.26397563917985 
0.470241100012185 
1.14025742892666 
-0.779490892391981 
2.16371231685589 
0.332942763614095 
0.579011955173033 
-0.107364136948166 
-2.43734357621434 
1.86205646291185 
-0.414089009664182 
0.413048615567565 
-2.63652688539297 
0.142361341810252 
1.09702066935447 
-1.9138044024207 
-1.75371939662476 
-1.63309783090003 
-1.97262858093726 
3.06674101311656 
0.690003111825544 
-0.145571732115401 
1.55008035548502 
1.42367165314116 
0.083583850051844 
-0.0843685726735797 
-0.271723541725293 
0.244886521175178 
-1.28343312447128 
-1.34460596036963 
-1.17430351100721 
-1.23629076229973 
-0.540742326640748 
-1.20215950834752 
2.43043630040006 
0.760233159011934 
-0.725177074114207 
-1.87700876112844 
0.897925631110722 
-2.73941433803268 
0.0491903577789613 
-1.04360887855718 
1.50620481979293 
-1.48591219949591 
0.500677494286055 
0.516620294695712 
1.52134538043343 
1.71225894979752 
-1.67219844180477 
-1.36094832039043 
-1.84605451429782 
-2.56557380328484 
-1.89103187687013 
0.541200458039417 
0.752186683209898 
1.95354666740192 
-1.28782513258387 
-0.425424903872616 
-1.16186787181709 
2.46786571321933 
-2.30280776242902 
1.47408505121518 
-3.84803903582264 
1.2086090618446 
1.05970110089664 
-0.905992004802042 
0.0949343203071177 
-0.0453164605670646 
-0.0916839773102489 
-0.885306589198678 
-2.21889594136837 
-1.10516842042495 
0.263278209104235 
-0.0968429185214223 
0.231716673594443 
1.1159971552602 
1.1765477408443 
1.50501002097644 
1.97105632645045 
-0.0515955477359436 
-0.254589903321303 
2.16577122892092 
0.731088829761859 
-2.23668409427198 
0.0879012731592626 
0.867459982238062 
1.54077237096624 
-3.14719446698235 
-2.55216539605551 
-1.84695412723537 
0.58493426789979 
-1.91062331797568 
-2.13360057294917 
-0.614464359089882 
1.33406981849191 
-1.83279281959939 
0.688455459570662 
0.0363543179294747 
-2.86774583772963 
-0.34667441539124 
-0.381131818364527 
-3.51755507225628 
-0.649671830389354 
0.337879023910547 
2.35127342449939 
1.03151892984826 
0.384316198780033 
1.40419084390852 
-0.857565340036405 
-1.39697947688503 
-1.38985388754365 
1.23002289488089 
-0.497310851096469 
-0.206637401721033 
0.192065868022588 
-0.0917884839856549 
0.896596709076461 
1.01492493766677 
-0.178655388245707 
0.27966586566626 
-1.85263283821635 
-0.92913703391864 
0.313826147492328 
-2.45285612872037 
0.844460318147411 
-1.31440943661855 
1.2762851100984 
-1.35881529288115 
-0.0342306689457412 
-0.366272412041985 
1.05605487960362 
-0.574800647791125 
0.54053168233229 
0.0624131748207586 
0.981920217902425 
-0.645933560239746 
1.51137951381354 
1.02243476367788 
-1.36957924444207 
-0.933731211986817 
-0.489560901169638 
-1.54155902291461 
-1.76407845667988 
0.131319612939281 
1.46865020729656 
0.779947740597677 
-2.3794376786581 
-0.452188521609535 
0.635931931364711 
0.736782457723915 
1.10849662792413 
-1.23057362534592 
-2.32456259506211 
-1.5954637231239 
-1.85891771937448 
-0.0492460334161553 
2.39448480470511 
-1.05377653556312 
1.72174902992064 
0.905632828325471 
0.471103233279796 
-0.767217385393079 
0.26284098949723 
-2.65037972105719 
-0.156578124559762 
2.045329963047 
1.4162461714422 
-1.2373899568691 
0.00185955381621467 
-1.86064600489589 
0.309988357286371 
0.939936660912096 
0.586435482364265 
0.70318257049119 
0.0629515866740404 
0.88761015475035 
-1.09015877975784 
2.25482025296565 
-0.871615572676544 
-1.24401709389849 
2.67418196078898 
-1.51680438245317 
-1.24474824506243 
-1.62414509900512 
-0.700565627599818 
0.0424314555576907 
0.656583624919078 
0.271290242175934 
1.75113846188696 
2.1172977794214 
-1.29168424325012 
-0.83054387678863 
0.182873824522305 
-1.53777120514828 
1.20703950373181 
1.90147007856829 
0.434488660089925 
-1.04345383093878 
-0.0797790414681155 
-2.41832734209777 
0.613933701565412 
-2.56584415295387 
-0.400244158550028 
2.47455827379013 
-0.0960606462734122 
0.633343834577516 
0.412701764114017 
-0.376890622347634 
-2.07014175998435 
1.20078676061484 
-2.30208876345921 
-0.366898889370981 
-0.78085000303396 
-0.725434229011582 
-0.600137191812169 
-0.412707454208055 
0.396203850198704 
1.80660652381402 
1.00511155493304 
0.758461943714282 
0.533220634884048 
0.536716035003327 
1.99066528215907 
1.65720504306106 
-3.21617305710011 
-2.31152889101019 
1.05639676916012 
0.0938812261773432 
-1.16372416013517 
1.73885022339148 
2.51273871792215 
0.883705527015314 
0.854011087617215 
2.59944989846609 
0.514584969235743 
-1.0149169952912 
1.07948207798189 
0.8815412517584 
0.926307927158759 
1.27156906377931 
1.57230363085425 
1.29779367369629 
-2.16073838273508 
-1.33938880360381 
-1.9147583979466 
-1.48215093047014 
-1.10595995123084 
-0.205883594288703 
0.70265931243253 
-0.273268864503639 
-1.78327742846747 
0.898348759346593 
0.510190677106739 
0.516429979299249 
-0.0210042568820807 
0.77172503287006 
0.733538382345157 
0.431519888729278 
-1.30954703435453 
1.89067022256605 
-2.3310510300108 
-0.930245167069382 
-0.120677087209648 
-2.06500139508801 
-0.469984180249977 
1.60942979427479 
-0.640670197533736 
-0.463538977247492 
-1.35600417161774 
0.27051862377667 
-1.30524218058017 
-0.859972121352993 
-0.649794745807817 
-1.02310786626783 
0.862990839479146 
-1.4511372111317 
-3.49266587196067 
-1.50366188602102 
3.29080650798831 
1.46237648265332 
-1.46353696157548 
0.80396756301454 
0.45438853105603 
-1.89333153956551 
1.28113827199624 
0.705010354354825 
-2.04258407856986 
0.037764135701732 
1.62302140929934 
-0.9562993201797 
0.778630699622385 
0.246792816281789 
-0.665945624139944 
0.262987218274673 
1.50772538497447 
-0.943879851493219 
0.917778659264791 
-0.160123278156103 
0.928648328743959 
0.287964016032079 
2.89144506019943 
2.58964588817696 
-3.05725060904988 
-1.1474770322694 
1.15893157018629 
0.255116588662646 
-2.81197708745891 
1.00681261082533 
-1.86300310327555 
1.26985533509557 
0.765151019819384 
-0.589662850434824 
-0.6665874902299 
1.95145058996797 
0.935906153918342 
-4.21208728165221 
0.980311601268479 
0.837366248379148 
1.07246026983398 
2.47232474470061 
1.39726243647942 
-1.40035567512961 
-1.14471485698355 
0.250928136867027 
0.563214359573189 
0.403087531066329 
2.07232318273769 
1.16394230824877 
-0.075757634428844 
0.987223916085359 
1.5280328693811 
1.52390791222673 
-0.857641784158608 
-0.768263725093415 
1.02326418618943 
-0.714718222931661 
0.440997168747215 
1.10913016745312 
-0.657032264894815 
-1.88933112007801 
1.61078046625177 
0.326468449870666 
-0.487132720947813 
3.71521768232747 
-0.514342919766152 
2.15088562303859 
-0.651867673276203 
-0.629231130294776 
0.877305109222808 
3.06602554059045 
0.663336212856407 
-1.70022950004721 
0.137478095663775 
0.868063405336775 
-0.361602288928437 
-1.0729833994322 
1.44937129745649 
-1.81919962806012 
1.65875413390687 
0.448118868911931 
-3.10225213000369 
2.41160024965035 
-0.731301071886612 
-0.671808871739407 
0.311784211183982 
0.675632331562014 
-1.55694123392766 
-1.54518352221192 
-0.75067463796365 
0.205970987666749 
1.52160748262401 
0.0310012196415932 
0.475287997832177 
1.50318711855609 
0.114343142926342 
2.80026523384929 
0.0506372102228692 
0.435727194005606 
-0.379650773057203 
0.617517741203527 
-0.475576182542438 
1.26122814198719 
0.474946505763693 
-2.20723637105599 
-1.27919039827773 
1.83503078940582 
-0.352627039987533 
-0.835181375896794 
-0.363659183365698 
1.07495984246329 
1.30919727404754 
-1.86027753822281 
-0.0917764000564969 
0.377272547311416 
1.36148378833968 
0.503320750204787 
0.0897525050854083 
1.40444143571891 
0.0299572231320247 
1.38758254791906 
0.835284322713414 
-1.5148631967845 
-1.72327647400683 
-1.31454140590397 
-3.40151710858287 
-0.841841297601574 
0.11173675307094 
-0.0814573108342704 
0.132302174405515 
-1.22904498552408 
-0.513617436224073 
-1.05102405538908 
-1.80382607905655 
-0.443311559956487 
0.731522186872541 
-1.50866697048576 
-0.847992465514536 
1.17881299463965 
1.77454119815773 
-1.44679579916369 
0.258724844459355 
0.885185311647748 
0.12625582764297 
-1.53270763143609 
-1.03279966591499 
-0.433871786339803 
0.554289780804964 
-2.53912485898799 
-1.00123983979296 
-1.90004241271979 
-0.602584937646174 
0.0753549338835846 
0.347081927602338 
1.03915660142563 
0.412768753990873 
-0.870317099153731 
2.81565245900375 
0.89519954922146 
0.467677965957686 
-1.55699406840825 
-0.00572417228290403 
-0.225731451670803 
2.44313633378663 
0.405767501289343 
-0.589214157581628 
-0.326952082307956 
-1.39891918848107 
-2.25794630070427 
0.537720678710082 
0.066053744872864 
0.655862771517703 
-2.33747771144858 
-0.3915521110907 
-0.899735747828162 
-2.76925250097421 
-0.171356388026982 
1.66297918837245 
0.502672741783524 
-0.651567278824211 
0.501922338636995 
-1.40329579237799 
-0.764734736155175 
-0.609251267593714 
-2.07801682342616 
-1.29524145158948 
0.273414523233386 
1.39849260082798 
-1.44252663140666 
-1.67383250344764 
-0.708565044490282 
1.03641270161448 
0.264934777291511 
0.378113179687193 
-0.848905942452913 
-1.18697664916075 
-0.168084139781244 
-0.654858429978872 
-0.676452678731616 
-1.27171069359141 
-3.12178685239209 
2.47875701333068 
-0.598658179019006 
1.62689854266083 
-0.350727819040208 
1.00688320069198 
-0.641065453845381 
-2.04356559090776 
0.0845875768719404 
-0.349997234997633 
-0.41632616587997 
-1.81985409209948 
-1.04148944431437 
-1.87140220620366 
0.00705179802420031 
-1.47537315216967 
-0.0712313155828678 
-1.48412407539419 
-0.560815283345789 
-1.10284206419105 
-0.335218147820093 
-0.17488913922241 
-1.86055439770361 
-1.72020628043651 
-0.192199191907417 
0.121876987722472 
-0.664542004666172 
-0.604960197164228 
3.03273156112273 
1.40371988686492 
0.85700721831449 
1.3768987492261 
-0.922586357192987 
1.03816546992732 
0.133371082281757 
-0.628342838491458 
-1.69717846717602 
0.441357033503634 
0.730917827705953 
-0.361136479329731 
-1.43037979656486 
1.68105044371351 
-2.18900229987431 
-2.14225604391726 
-3.21490670179424 
0.463549700187161 
0.415299704873074 
-0.201191452344594 
0.411417534399606 
-0.20252916833651 
2.56632174107246 
0.467379299335011 
0.46863402416662 
-0.737145133387519 
0.126980426389323 
0.74040434151346 
-1.11860704688929 
-0.34091015484614 
-2.70783918358313 
-0.185831397078052 
0.142898803921196 
0.533357408683354 
-2.96182209829981 
0.308083188574324 
-0.983573466186239 
-0.381459857831906 
-0.111689029617005 
-1.10648444547187 
0.491994408224553 
1.28597727246356 
0.871719424291929 
1.27610046200559 
1.67897441923058 
-0.562306818836675 
0.015505291642002 
-0.883387564476623 
0.127200387886039 
-0.896125295685805 
1.56307506424689 
0.67875954103116 
0.797357167722154 
1.39511181741955 
0.92467635274737 
1.02005950142312 
1.63263164338273 
0.373109364181902 
-0.695796566729838 
0.290521224853245 
0.207435030358944 
-0.159927999201563 
-0.761495088952302 
-2.79213147395139 
0.0640690684595335 
1.73152565360116 
-0.0706164926825392 
-0.592383241524946 
-1.88819029204799 
1.33868287356818 
-0.786287943680145 
-1.0619511458978 
0.493805357864315 
-1.81267213910424 
-2.00235373373313 
1.70719055303172 
-0.0889091686600592 
0.603432405799406 
1.96564252770663 
-0.875155793843082 
-0.463043562642282 
0.0469295260584863 
-0.788210690954735 
-1.42298381347365 
1.65382991995939 
0.318144863905527 
0.251652288155134 
-1.72068616473527 
0.972337362876628 
1.86403547840162 
-0.58750998942694 
0.331424823888438 
-0.845201950232671 
1.65530336217783 
0.127535462420825 
-2.50301604478226 
-1.32780955365493 
2.09145290075034 
-0.359254633787868 
1.29177087187675 
-1.65334117790362 
-0.517816453989011 
-0.335632230072251 
1.9707738863618 
0.556063256569803 
0.356834804255097 
-0.610932467776957 
0.514529464249947 
-1.23723488616864 
1.8272139378319 
-3.13704637925545 
3.31000219687663 
1.77038858901721 
-0.8589198001933 
-0.404949313436335 
1.07741665702274 
1.00033823312717 
0.311207462341972 
1.50591041959925 
1.31276093152306 
0.661955408646357 
-0.261893304984381 
3.03939829823886 
1.20721627789286 
2.60901102541294 
-1.17123956664585 
-1.08828391981058 
2.43074322143447 
-2.26978039526811 
-0.00149481016544195 
-0.188441340306894 
0.125729314678665 
0.948904444698998 
1.30970866829791 
0.959144830260146 
-0.545243870637972 
-2.22933682056616 
2.22567909197099 
2.82987985020939 
-2.13842764519504 
0.126807032739128 
-1.57438484355327 
-0.834691711541943 
-0.453223069821027 
1.01664208542532 
0.127810117923861 
-0.516266906392419 
-0.584262978639965 
0.454817723344378 
-2.11598016896697 
1.87156534106525 
1.2657407383724 
0.64732858603437 
-1.83077186053305 
1.33423001655241 
-0.217171684204528 
-2.52861264627721 
-2.15109560755346 
-0.933152933256971 
-4.02788974020803 
-0.761625624856436 
-1.01842460885729 
-0.958306372982103 
0.506602535066892 
0.0616051651659324 
1.59398585770449 
0.143457973125961 
0.157283758600751 
-0.776693704650209 
1.26562621199677 
-0.284130708984705 
-0.462494883150222 
-1.42630045839183 
-0.923885688533708 
-1.52040844405144 
-0.659905469236704 
0.233465278418494 
0.224010660672374 
-1.26916391498523 
0.0834643802319726 
-0.618752533079436 
-0.187064944602652 
1.1082587806409 
0.17658767488126 
-0.619107119977072 
-0.0270293673221633 
2.40081011753925 
0.446830918288019 
1.27178443747762 
-0.343696285875817 
0.171182720640169 
-0.858109632207554 
-0.795204772122571 
-1.64647648766249 
1.22791594841558 
-0.734519844027908 
-0.391491180059479 
-0.421706667465139 
0.487369486091062 
0.825114127877602 
0.10664538019643 
1.56423201281053 
0.150937876669428 
-0.79541824078944 
0.869391313205552 