-1.15957832203261 
-3.10559044959203 
0.115458719030002 
-0.581971318403164 
-0.418477460479726 
-0.853801712108729 
0.14236142342506 
-0.17122432731788 
0.174028483260499 
0.00767846426271884 
-0.0494877468261823 
-0.692485125179643 
-0.245998825659984 
-1.1266079221425 
-0.506506135526192 
-0.447958642409034 
0.292289333757142 
-0.786074064326361 
0.111056266944524 
2.46991066296391 
-1.07803955010004 
0.644466952655631 
-1.12371692393518 
-0.428279314923117 
-0.55976664569987 
3.36521837217237 
-2.24681789634014 
-2.6332199309242 
-0.0353013178989191 
-0.355644156563851 
-2.4442385692388 
3.17859776263549 
-0.758548812416746 
-0.978225914682011 
-1.83621358291132 
-0.738020117098667 
-0.0904666238995747 
0.42792250255175 
-0.802062004847508 
-2.83980157480226 
-0.526945217438715 
2.34329156442728 
0.445580887875194 
-1.61658693931809 
1.37311733859352 
2.0979475231159 
-0.460696186707786 
1.50210254836308 
1.04422693749691 
0.713662665349427 
-0.911415061956379 
-2.35867579614788 
1.71436215073155 
-0.167076667365953 
0.174795092438436 
-0.952318721435321 
2.0195724766267 
0.161814425910498 
-0.861920374001269 
-0.605136575675404 
0.742032691437936 
-0.869288798521584 
1.96721905283687 
0.398800253216704 
0.712515515262611 
-1.05197468201938 
-2.57701077952533 
1.40689548518362 
0.398476587111334 
0.711726319235695 
-0.869047566256827 
-0.128556221665119 
1.90131691467766 
-0.226685657841655 
-0.112455284104418 
0.481135752165485 
0.575251515058901 
2.61932834402709 
-0.772191358440828 
-1.18385097114662 
-0.168608926170391 
0.430425140988668 
-1.01266087746795 
-0.249124708165197 
-0.059492076517099 
1.96581994665448 
1.54357147643468 
0.237000434037008 
-0.207688350880214 
-0.849729846185797 
0.347369605179579 
-1.76145945385463 
1.53078064308936 
1.8019696456319 
0.910561642399021 
0.126154555613142 
0.332315936513334 
-2.08667713986453 
3.45019224181063 
-1.5479014826602 
3.10192869986036 
-1.80343621450399 
0.277847867532149 
1.51848128262616 
-1.72171202112161 
1.14868810436893 
-2.54717723347656 
1.65145130329608 
0.256942335572217 
-0.821461260070748 
0.739268503395348 
-0.555124157388711 
0.199802300975866 
-0.16192710185836 
-0.787263438421018 
-0.511807224565099 
-0.417626034819815 
-3.43185489167725 
-1.52805624804248 
-1.74286935401566 
-0.746181051756142 
-0.34063994716759 
2.48336209006707 
1.77314294501847 
-0.44139590605498 
0.302738478146874 
3.34270358453665 
2.62319084525027 
-0.519451526618791 
0.312962379680348 
-0.676488514278429 
-0.485928892552356 
0.116011290696228 
-0.775847336940711 
1.58639598405867 
-0.494673834913416 
-2.09957879553042 
2.39589772088274 
1.4732074376191 
1.12403183083333 
1.05648073285929 
-0.876701651845294 
2.40164569844436 
1.66884051299433 
-1.26399742711154 
-0.566941312221739 
-1.03362279365911 
-1.49410517921585 
-1.5784932194008 
0.511499165302697 
-1.77326376088154 
-0.978909181168627 
0.683286469394499 
-0.177428737472284 
-1.88616583462072 
-0.688329972144412 
-2.5003824738382 
-1.32835097997301 
-0.972539403235937 
1.19006430271503 
0.608018427888938 
0.482541362192033 
-0.632196845286466 
1.15868977132021 
-1.16613032104913 
-1.6734680698551 
0.661968414987596 
-1.23523689483324 
0.80676553369832 
1.14714879437611 
-0.15378529317867 
0.0903261030456424 
1.33808462928769 
0.49722645632561 
-1.36229394279847 
-1.00244024879253 
-1.21576672354908 
0.116673413741941 
-1.36185532713972 
1.67792215100061 
-0.194502969045521 
2.29906862784513 
0.711157799893388 
0.984641386331571 
1.20275777825821 
-0.543361656741372 
1.99558063707478 
-1.20423695546375 
-2.82297861746572 
-1.51031941296732 
-2.69174566130317 
-0.746603307332214 
0.449826170219788 
3.31732245742401 
-1.43175752864795 
2.16814495042515 
0.863871434127566 
1.59763461867432 
-0.725304625600323 
2.62327580100056 
2.19859361839564 
-0.498630405696179 
2.76204020440135 
-0.580037649558759 
1.31617011027668 
0.770371225551556 
0.650994174130345 
0.770834934746492 
-0.370863876364804 
-0.540869123054863 
1.61896640248404 
0.502457114052646 
-1.17770207845474 
-1.21780398474195 
-0.521355917615175 
0.85068562811011 
-2.4149645674022 
3.33493299078403 
0.441159070454639 
0.140692525395434 
1.81938211730057 
-3.61045185052152 
1.42524143614975 
-0.720811623582294 
-0.407076827099974 
0.912893699836305 
1.53290246254369 
-1.60451501619148 
-0.893636639170165 
0.418874001766781 
-1.18687554218338 
-3.2154221134463 
-0.325561829688958 
-0.22784844635591 
0.393187948045904 
-0.700889760122998 
-0.992948990411093 
1.20799826702347 
-0.955297063529661 
-0.277063203060822 
1.10505883719046 
-1.10519664908325 
1.76549986078369 
1.4281385811107 
-5.39652152589676 
-0.979598682940505 
1.08738045720814 
-0.0881951848981061 
-0.450415026206119 
-0.383793842791228 
-1.41662778587562 
1.44329959438521 
-0.0863344227734653 
-1.91221415030408 
1.35220518236583 
0.952176565596716 
0.775212045825387 
1.15579999402066 
1.5680867054045 
-0.162142530358921 
1.13275498062379 
1.79811045137304 
0.0350023818019021 
-1.8831988514354 
1.98864020862261 
-1.87970207459069 
-1.47790164491974 
0.518161056416064 
0.950658601885584 
-0.590571127665667 
1.69807754924187 
-0.4636228811855 
0.390069991297253 
-0.124040856245143 
1.5434558550823 
1.26490962661022 
-1.42392076573588 
-0.122770019754712 
2.8801981823138 
0.761408831721253 
1.65405421080244 
-1.06478669214092 
1.88757271760901 
-0.473789677673941 
-0.917582395127873 
1.35044045521029 
-1.51849402187486 
-2.17027009059242 
-2.42050045566284 
-1.84972140472522 
0.130509713200952 
-3.17272984162616 
-1.11388949178093 
0.678613980475021 
-0.960690807013665 
-2.74724155482124 
-0.472489667940829 
-0.379683187087588 
-0.588504413889863 
-0.445908300799114 
-1.20865333360738 
-2.61894456224058 
0.816168103755089 
0.472867852411271 
-2.53797280103201 
1.65652187102886 
0.884236168807682 
3.69042740106844 
-0.075120740477888 
0.799103872430452 
-2.24477752351559 
0.636351338963102 
1.18140033839494 
-2.31056712646426 
0.533533918524695 
3.42908351909333 
0.947909922081444 
-0.0224503051211154 
-0.253547037260002 
-0.161572120618458 
0.585767907291144 
2.97050807576927 
-1.39137685138357 
1.21625620873532 
2.82040460508072 
-0.13682707740953 
0.0632900848638179 
2.21428290860649 
-1.2482285053665 
0.881796655400693 
1.87376250003195 
-0.665779298664643 
-1.43985498302346 
0.556400773681871 
2.43839894858031 
-0.991092443855239 
-1.29752800091148 
3.10557769494118 
-0.514876755981462 
-0.119264482749197 
0.36768840584243 
-1.93808978582826 
2.40166751067166 
0.825823090639939 
1.08619450652535 
1.12164729720338 
-0.109025461406661 
-2.11427252989579 
-1.28088398045553 
0.27587014262008 
2.19672711989744 
1.15289077314092 
-3.8574213749825 
2.46714073149888 
-1.77452412293089 
-1.90939283743598 
-0.822739620091576 
0.625904194468393 
-0.615215318779584 
0.0113280655865887 
-0.715459350228843 
1.22685402673161 
-0.750398385256454 
-4.50893040020477 
-1.29078243129978 
1.55478572201288 
-2.448058953667 
-0.787002270490004 
-1.11405774577514 
-0.198150879495836 
-0.355058047942941 
-0.797010397835352 
-0.948085230157888 
-0.0551917730688634 
1.56288515631352 
-0.626964945779718 
0.462638872918836 
-2.40553733898868 
-0.43438003632922 
1.22044340592095 
-3.09058248127344 
-1.8462734762953 
0.1142992768726 
2.48078335016195 
-0.332011203918562 
0.0954226804296976 
1.45418500059366 
-1.64075778754521 
1.49398420526831 
0.392370785238967 
3.0428999034487 
-1.09624459525012 
-1.59118976012177 
-0.477045010403012 
-0.257746643333474 
1.92064120408608 
0.308163059426112 
-2.2064143061668 
-1.72739146969018 
0.567834673524367 
-1.7951378522922 
1.16574561321497 
2.24142950808937 
-1.33733171531476 
0.134108913348989 
0.123497096777612 
-0.337149686066484 
-1.25375037332213 
-0.36298446680122 
-1.2862406505776 
-0.4291989142264 
0.534100527383344 
-0.60547108428682 
-0.876713066808063 
2.34307580863737 
2.78920745537765 
-1.31272981122987 
1.67670562844879 
-4.17520459924443 
-0.505890596469785 
0.67244275624528 
-0.74065611340138 
1.2938325772366 
-0.233211333285088 
1.08981896146851 
0.67902439345988 
1.49854946355302 
2.47845265692623 
-1.57709152461661 
-1.15613445464732 
3.8848189724029 
0.958002814900487 
-1.57106163138497 
-0.901033220751882 
3.19766479143857 
0.362498652896167 
-3.16147397363433 
0.692166418392123 
1.07670111342598 
0.193666091675086 
-1.84444824975793 
-1.00616129595194 
2.6589866401837 
0.100320706884291 
-0.75937097896657 
-1.67806159325846 
-2.63155678352866 
-1.98202937373739 
0.287382049836964 
0.918803944635446 
0.734378775121367 
0.227131658160624 
-0.675558499745854 
1.10399449524933 
-0.0916834562467552 
-0.779373296975421 
-3.41356276952945 
-0.341046096749424 
1.84169965443836 
-0.590083630880407 
1.05635440608479 
1.78687104413473 
0.896941216138392 
0.603370863491938 
0.525979160079951 
0.222739278283241 
0.211614414803851 
2.95562151067556 
-0.322242288219667 
-1.46508241190333 
0.415949392830579 
2.83861938773288 
-1.98600871004904 
-0.546513422813376 
-1.60541605970921 
0.0903703212804954 
-0.329359969670341 
-0.845496098796672 
-1.18820787880517 
-0.672762540030487 
-1.63576391872502 
-1.36469326755902 
-0.875085458143487 
-2.04742312331838 
0.59979318161701 
-2.10358829305359 
0.500671284644161 
-0.022464569022975 
-1.94271317300586 
2.33940564364921 
1.12339511980169 
-0.219534062832092 
0.162874381271055 
1.72934736048745 
1.3156638222971 
1.0251830456288 
-0.247475162184168 
0.36305008516173 
0.109071559335886 
-0.893951929881724 
0.276762833262784 
0.0995832913201238 
-0.297833557416012 
0.903106004199222 
0.11758603919949 
-2.1355305184337 
0.615187996849573 
-0.328432463131798 
2.17008175774326 
-0.979864807527899 
-0.281677286926259 
0.407981395093837 
0.694149316365751 
1.91847588204387 
-1.35622156568384 
-2.03054611567355 
0.0531327425042561 
0.412972026064725 
1.07058517488536 
-0.0702687113632292 
-0.618484648393664 
-1.65431818930385 
-1.59897236105829 
0.29371186847523 
-1.77378841540343 
0.445827511598649 
-0.889193525212243 
2.52972605887491 
1.82295542488911 
-0.0229129651208438 
1.79070994574168 
-0.648304232739985 
0.149144665422486 
0.888787360721296 
-0.404141810832603 
-0.122154436462488 
0.407719621945366 
-0.976935322764704 
0.418919520973859 
-0.280790006252397 
1.12631992827062 
-0.277498783763546 
-1.26036787660787 
-1.25512916997456 
-1.10732098689369 
-1.37528917621904 
0.814338050960198 
0.024364016278289 
-2.40986872575387 
-1.21366275990904 
-1.52526547034056 
0.52428205003093 
-1.01045800451121 
2.36154589070997 
-0.680177428365272 
0.622635839727597 
-1.15264288283584 
-0.453837112398967 
0.824203627434124 
-0.644155626918831 
-2.15586572743187 
-0.970572298500722 
-0.646543484744008 
-0.0304897826161359 
-1.87660253222093 
-1.67279269138131 
0.991453759050121 
0.666287641879868 
-1.33552500100156 
1.82220476024576 
1.32646347957329 
-1.4540401125331 
-0.455116536981173 
-0.30857786890649 
-1.31920145791146 
-1.24874048809347 
0.854107753146823 
-0.431138531249209 
0.463563763711356 
2.13910296917737 
-0.402568003882429 
0.671668295175909 
-0.353624952544816 
1.24047722608179 
0.263507459426469 
0.601655012410765 
-1.13398871366591 
-0.22681622357335 
-1.39764702145168 
0.909061307396489 
-0.0511245749182666 
0.262662168237341 
-0.585442423524927 
1.43438679479493 
3.70609505604324 
1.60877358442287 
0.017752326461098 
-1.50083851749123 
0.715538143073194 
0.174096863220408 
0.452416701946068 
-0.29386073937105 
-0.361885999719071 
-0.927642125405226 
1.74323122017545 
1.79447998057994 
-0.0287739855805276 
1.19873755689791 
-0.78645906842114 
1.07206561879745 
2.06230649638665 
2.35758470761859 
1.33345582549039 
1.65161836447312 
0.170751490651403 
2.00829556584487 
2.37881178022052 
0.430118443552137 
-0.200304569062612 
-0.329100733997874 
-0.789636619189816 
-0.330437653673019 
-0.873922707564404 
-0.974117104275503 
0.139227366269685 
-0.590609495576627 
-0.185089416709067 
-2.12115837332479 
1.66796042999866 
-1.59376719863937 
0.493340272226674 
0.158414299652483 
-0.604651924770243 
1.3145700130763 
1.07428732632697 
-1.28935939394776 
-2.15752268181663 
-0.243321658557531 
1.24616939746024 
-0.842382604038893 
2.39953803238175 
-0.835179036438829 
0.986769991993804 
1.09986914261415 
1.34221231929984 
-1.39836292200799 
-0.884818068421544 
-0.389302766156146 
0.537391314565233 
-1.32379608745111 
-0.121022976597736 
-1.54490460018031 
-1.06634970353118 
-0.120818698473938 
-0.54264673500411 
-0.271244513127124 
-0.902876617537851 
0.806790361217487 
1.11847216516012 
-0.035319881732471 
-0.974485840382204 
-0.818661806892485 
3.36483631031183 
-0.508262041191487 
-2.13051573422329 
0.382376554122103 
0.619234635645079 
2.70448531483148 
0.761943575904747 
-0.339764595720758 
1.1868969684856 
-1.8817893976062 
-1.0141993216279 
1.09591372515391 
-0.703375888704405 
-0.176437048130678 
0.0823596936089463 
2.61294301925894 
1.48412272943406 
-0.0484693088306301 
-0.0974356170198272 
-1.75780522548456 
-1.82036873315755 
-1.39044894963946 
1.24740255101135 
-2.38351685289703 
0.158377170024861 
0.0238801649063524 
-2.44920439228749 
-1.42907861714008 
0.271646267781921 
0.656174678738579 
1.66700916711259 
1.64670894017282 
-0.804526720797142 
0.556951178693709 
0.296731616777941 
0.983959255035091 
-0.175518892907398 
2.024445727734 
1.67673131282146 
-1.61565178022939 
-0.853415886979934 
-0.660290466925861 
2.20030511007599 
0.0127921609720728 
-0.756577193095001 
1.15838834976579 
0.958812173261435 
0.537579989736708 
-3.69316639293007 
-1.78917554308881 
0.720723294062911 
1.26434003411304 
-0.877927086115374 
-0.37068351324723 
-2.01104068813392 
-0.584581518464816 
-0.549933554802247 
0.13470451115709 
-1.26896931343752 
-0.190892335341971 
0.614380214260315 
-1.91440109298896 
-0.730681920550576 
-0.707753206568005 
1.66709377220185 
-2.0336772380322 
-0.985646956993863 
3.58630063410793 
1.97428059763186 
-0.13967234013878 
3.13458491297464 
-0.619696240564341 
-0.677415561265918 
-1.60433900889725 
1.50283534201658 
2.55611635402201 
-0.480443552749082 
-0.276592180220718 
0.305514449950296 
1.18163446204821 
0.580993781391659 
-2.894015436869 
1.39814123660338 
-2.39366711866878 
-1.99667931974885 
0.00916871463289588 
-0.666278881144418 
-0.430573628653974 
0.521249828776021 
2.10038160448243 
1.2646301092895 
0.440703552592491 
0.928451613751299 
1.83957232325222 
3.49613340500232 
-2.27387005181118 
0.299790049657262 
-1.19401464285455 
-2.08293455022131 
1.38972721472401 
0.181209702241508 
0.340058633006265 
-0.446423572678119 
1.90377437257133 
3.71209952353713 
1.1750790928955 
1.85826703786672 
-0.814577993571665 
2.18703781508841 
1.18228112331129 
-0.13605832267371 
1.519008352389 
-3.19045764138005 
0.308168596277641 
-0.0157042992637503 
2.33130240982719 
-0.0525633783648895 
1.20931967682857 
-0.436241207283953 
-0.21136846844086 
1.47578735949001 
-0.82911357814703 
-0.443808255098068 
-0.0346756784541609 
1.81918943905783 
0.0418674249622452 
-0.341853999261073 
-0.366551134218395 
0.878212907553306 
1.36707021682912 
-0.153006530720352 
-0.345383721454554 
1.07465633037484 
-1.01335681739825 
1.34406787503072 
-0.741568159179478 
1.43856393201601 
0.245918839289372 
-0.886820387688943 
2.25882626380776 
1.30012758050421 
0.47188562258434 
-2.97943238758934 
0.0901673410706229 
0.883457327908194 
0.813734008825292 
-0.635129761592919 
1.24104425609146 
1.18714833423612 
-1.47693702229868 
-0.726047428077054 
0.00203380106621387 
1.59881449586019 
-0.22978799416618 
0.130490671914789 
-1.37486350037754 
0.891478974408584 
-0.435023169916064 
-0.287733945737356 
0.405213996805196 
-0.632296607591699 
1.2135930113874 
2.69087815468318 
-0.39765100078505 
-1.02732297613625 
0.0972655901009093 
-0.987041369000624 
0.17739818909953 
-3.01157310089047 
0.364190868907147 
-0.253524895928917 
0.360343312926052 
-1.39627472829992 
-0.429772347641203 
0.0159872868727106 
4.71217183492681 
4.66449955290086 
0.750301663427423 
-0.796511567139002 
-0.513194223808972 
0.0770741365610229 
-1.21793136255707 
-0.615782380685314 
0.228026964929329 
-1.02545823907444 
-0.295623949496533 
-1.02527269490033 
-0.98416767071936 
1.92851156620875 
-0.578569426328249 
-0.453081890655147 
-0.469443856368901 
0.282430704205815 
1.43179237206938 
-0.997682340176996 
-1.54068954843141 
0.928137411598861 
-2.10669227524148 
4.02131734736674 
1.17581025770911 
0.397363320014531 
1.42391264884951 
0.559983252634944 
-0.412681517234647 
0.946843358998314 
1.27414204747273 
1.60790483190614 
-0.0734091370991847 
-2.58257634875902 
-0.540431910982908 
0.698251484321851 
1.04479921456058 
1.87286274484374 
-1.09766491831543 
1.0606509845085 
-0.453931639019033 
0.555691490285249 
-0.574611413100362 
-0.917341479634199 
-0.481530393908017 
-0.889112629304563 
-2.62369009771702 
-0.414461488178923 
-1.5208824082017 
1.40708983659969 
-2.05564537271102 
2.83951623318252 
-1.30493062754017 
1.08292862532996 
0.0993749148491075 
1.31184157742399 
2.94645845677237 
0.124724493976365 
0.0123183118507796 
-0.36947049206671 
1.09425131445365 
-0.929433464179463 
0.187409734853499 
0.520042754516471 
-0.342149768133919 
2.23222049852502 
-1.06053107121617 
3.43491405118339 
0.85959889775119 
-0.595539622460131 
-0.125757168344803 
-3.03260501784534 
-0.223342667497328 
1.96385688742574 
0.368218470068348 
-2.22153287851447 
0.0231046682916472 
0.630593356280418 
1.23189045572035 
1.27011334065574 
4.34077372650376 
0.437343282432146 
-1.00199620463997 
-1.72094671251085 
0.954508322734127 
-2.57920034357037 
-0.694707773701137 
-0.490283149878782 
-0.916099441807302 
1.02817156886128 
0.0735734712006748 
2.99948456360928 
1.48670325704814 
-0.255173737199968 
1.9693481194447 
0.604143142080061 
1.02443143631883 
1.75141153862729 
-0.333259470351898 
-1.67867016420469 
1.63542185409885 
1.48325637482199 
0.76252487427868 
0.353858994270713 
-0.610887816111858 
1.5046204523798 
-0.309818727189856 
1.67509155818093 
-1.86808374691976 
-0.103389665901618 
-0.583399150779134 
0.940426001488962 
-0.838462363455558 
0.142832682256335 
-0.40587373908145 
-0.990141348437119 
-0.212742006722748 
1.52618452981033 
0.94431776076771 
-1.49829201688271 
-2.00763559428473 
1.63713104369585 
-1.70721785522929 
-3.83629084740476 
-1.60948750395176 
0.675712526745366 
2.11494873956658 
-0.648835812214779 
-0.27155431632679 
0.464087035873391 
-3.91332633356893 
-0.992526691143945 
2.3720701790116 
1.46325059853014 
0.692608881039821 
-1.01801916661648 
0.637595293898813 
-0.460301722245807 
0.521876268120619 
-0.232161785117447 
0.400884982307502 
2.66323968842401 
0.269752766889522 
-1.60332413190833 
1.01585056315919 
1.79640855305948 
-0.56259193518784 
0.517180677326512 
-0.611824666112926 
1.88278797013056 
1.54785395364459 
-0.772220251149404 
0.723574263488505 
0.530922133474164 
0.923668432009675 
-1.6954060050237 
-1.64091777623709 
-1.68542061445845 
0.642109940412595 
0.511983358041046 
-3.66935371493598 
-0.9671890588313 
-2.29415841295567 