0.0426600830739671 
-1.33780244104211 
-2.38655962412465 
0.216148451767546 
-1.17793649833229 
0.212256723463817 
0.999461952719755 
-0.32667432438822 
2.93372842291105 
0.740900374526709 
-1.28171317613065 
0.0166714807895821 
-3.20508025573739 
1.93226834984763 
0.872727870212266 
0.380724387938992 
1.7297766682802 
-1.7437508184508 
2.93721613682199 
0.618210846414805 
-1.69929263042007 
0.989657234045596 
-0.962817990796795 
0.00739373368498158 
0.788190823984752 
0.345987974842802 
0.437001439674769 
-2.17894910959227 
0.428556726544416 
-3.28671343756154 
-3.15695231349051 
-1.31754015369984 
0.840118864366657 
-0.166971410876041 
-0.752226359240311 
0.334671150841018 
-0.0617935297833085 
-0.0946553277580977 
0.315687408109587 
3.26675418097895 
2.38700646947526 
-0.717340871685706 
-0.807093541100929 
-2.34407330993266 
0.136705042378818 
-1.49751891629628 
-0.318906322400712 
1.2049939821025 
0.892288591420253 
1.54842961829384 
1.14957147035146 
1.18414002555684 
-0.843161404262628 
0.978508404640342 
-1.82554740996226 
-1.60961260774246 
0.314031631939024 
0.15630353656533 
0.988848101094831 
0.108833726097175 
-0.906546095672514 
-0.81610792712839 
-1.44587556002246 
4.04834443599388 
-0.0603795304081502 
0.840606888297716 
0.254461996360073 
1.16927305164186 
-2.03403168681785 
-1.94848584703319 
-2.69854849531208 
-0.507012991886562 
0.544941186597147 
-0.793027144291488 
0.223412323666847 
-0.204379439698364 
-1.49107959593322 
-2.36622796951117 
0.299241151427972 
0.27440059440516 
-2.62582209405958 
2.01560188988975 
-0.626185100491585 
-1.36661975201397 
-2.64539032902821 
2.08907656558687 
1.01255656039726 
-1.58355128900794 
0.773821549057943 
1.05618878129518 
1.36672156066974 
0.592708041963751 
0.972524915380942 
3.44706562954152 
1.27586933619647 
-0.00674063301828065 
-0.667983096661542 
0.637459097045038 
-1.66637732312689 
0.348482368470168 
1.21042786645962 
2.91188102392837 
-1.68357670058611 
1.10982638713517 
1.3655811624133 
-0.996805385154463 
-0.543133555846175 
-2.36442175550628 
-0.919915675206394 
-0.913879225907887 
2.08838817507658 
0.754844320386873 
-0.125656445073062 
0.751891827875383 
0.204482999644312 
-0.40065452164436 
-0.877179920975081 
-0.917322895620191 
0.256651102921923 
-0.707184598039019 
0.660112451918998 
-0.345213361988091 
-0.301758339590836 
-0.531974085803471 
-0.783019684559663 
-0.282159899982945 
-0.550180523254437 
0.987244088973412 
-3.96950455789768 
1.19953693921641 
-0.0262899461699397 
1.89697211039941 
-2.33332289408153 
-1.84171091329545 
4.99600456249405 
-0.893321137635513 
-0.226967592439657 
-1.62795984917698 
0.292182597782053 
-0.66423656656762 
-1.48299896045911 
-1.24588682697159 
0.533986384373443 
-1.20685534290578 
-0.407709598012906 
3.10451883344469 
0.662601521248123 
1.15144723446253 
-1.23666414766541 
-0.995814573610496 
-1.15063521196234 
1.03575008575143 
-1.13801864755981 
-0.822758666621395 
-0.984559084924246 
1.40969661723311 
0.0466093500454709 
3.01782609202573 
0.891294749569159 
0.66636134608281 
-1.68541535595457 
1.31888613921787 
0.156975740615262 
-0.813758223278257 
2.3380456518132 
-1.04579589199438 
2.3576566707585 
-1.37498174217406 
-1.25924173014254 
0.963867750356307 
-1.94311507600566 
1.05857938219438 
1.29552790661274 
3.92134548336279 
-1.05336412022629 
1.73956048922132 
-1.92129868441375 
-2.21112218585115 
0.891607839828231 
0.17359101098118 
1.21535552623312 
0.164855689133686 
-3.47129713930953 
-1.02671675068634 
-2.51388482438338 
1.66496192127577 
0.389639783145824 
-0.677505359257844 
-0.456956610862314 
0.594759816281318 
0.542810060623596 
-1.43122739816839 
0.931415627801492 
-2.10936056600535 
0.48261602764476 
0.0678380157464044 
0.624780615079928 
-0.188581752842498 
-0.113228114173735 
1.24558642457682 
-1.84863609290877 
0.74877045859677 
0.242022375581231 
3.00355177717866 
-0.385118150686671 
0.22203557126852 
0.460176289932135 
0.297311114421743 
0.993369929736993 
0.568624927121544 
-2.13643880458022 
0.111492723312333 
0.380405341050312 
-0.164570848274154 
1.80818113668946 
1.39661367619551 
-0.0351540401743626 
0.969866273173205 
1.40800919134061 
0.661613845999996 
0.343408183655314 
0.925107618837313 
0.686635674403057 
0.318219401902878 
-0.856080967564415 
-0.818947915715179 
-0.454221353297992 
0.330611216194853 
1.05224760426513 
0.314660542167119 
-2.33005805339054 
0.440665665510465 
1.13208762103764 
2.42684377123851 
0.272384449156085 
-0.840852282701705 
-1.6542879968217 
1.39563633452723 
-0.324471917902928 
0.311198979244957 
0.791194479654048 
0.074648850367991 
-1.82047672558848 
-0.89954791772977 
2.71155570626193 
0.662598525706778 
-1.98034097061336 
-1.4938394428045 
1.73591258484725 
-0.395770756865933 
1.39893601684719 
-0.436238137901071 
2.40675138519939 
2.47046635252928 
-0.24632408795327 
-1.39140940912225 
0.119427931736984 
0.0280182525896238 
0.767783040913311 
-0.466978824275632 
1.92693728985392 
-0.242063101266346 
0.902469635666857 
1.73483272379458 
2.5851305986017 
2.28829119938099 
1.17431328044921 
-0.0460345039015919 
0.494529397155344 
-0.691734070039834 
-0.257804711356363 
-0.247427501617688 
0.531648845409278 
1.76779191518063 
-0.7509927651637 
-2.13893130927943 
-0.586443301841658 
-0.989082399003915 
1.47168501517802 
0.381783882691915 
-0.423683782861118 
-3.24915814964155 
0.653746894515701 
0.853192841927025 
1.17886627330182 
2.03362508343837 
1.02980705652976 
-1.9674823081345 
-0.517009985170178 
-0.0655943710408935 
-0.584142259099434 
0.141398517473838 
0.439274214599602 
-0.732183151130095 
1.68627641951399 
1.2832339263147 
1.9642454602365 
-2.51025118168723 
-1.40314142966593 
-1.47716001288782 
0.99371960691718 
0.561830964692991 
-0.501827016611612 
-1.77680576027879 
-3.26301652575914 
0.638751070023762 
-0.447349312738396 
-0.0677764460637617 
0.399282998996566 
-1.06995578336879 
0.437196405485745 
1.4888937359535 
1.17717451187941 
1.27408511570649 
0.430818180031664 
1.29156684263101 
0.289157318901376 
-0.387684615701298 
-1.85529907953831 
-0.87027666854813 
1.47451424007045 
-0.041007021086791 
0.33626283831219 
-0.361093320445344 
-0.733433109706173 
0.904788397308261 
1.66693062175032 
0.19084908708224 
0.250119137275503 
-1.60643123395399 
-2.02457877529649 
1.12191509721194 
-3.42032147937796 
0.272484080842261 
0.912822996730003 
0.877357624949897 
2.56863454395675 
-0.272510820430595 
2.16282195668299 
-3.1511895535158 
1.18927329826925 
3.87556118442999 
-0.311769281305737 
0.283654708645035 
1.32161819157273 
-1.31380552562597 
0.378689023350207 
-1.35665948457952 
0.343661419394145 
2.28791784465964 
2.99448411789707 
2.86656080377281 
1.68669592094172 
-1.15255426068072 
-1.1893846532032 
0.471571199231821 
0.86551195291803 
2.05015010073892 
2.01552491832536 
-3.99653125710558 
-0.903879626773398 
-0.39407773940063 
-1.53775862882603 
1.01783634157815 
1.16687167744753 
0.439458300583914 
0.89474992115786 
-3.51829442769381 
-4.12183406449919 
1.67096698579021 
2.63400622972357 
-1.52015347222455 
1.01800542326512 
-3.42817338224143 
-0.32108687191842 
-0.580389715447847 
2.43340778709023 
0.522256548477395 
-1.07726044800645 
-2.56692371858457 
-1.70727593895316 
-1.93293089038138 
0.383821346277394 
3.50040357597364 
1.96913194860944 
1.97267241651917 
-0.301313897077624 
3.49232742518863 
2.74691885753291 
0.799822150268674 
-0.295320626341599 
-1.51609487349086 
-2.69992719741319 
0.433200137784626 
3.26901194201518 
0.997708618162142 
-1.94465921089932 
3.42180080904782 
-1.25067425396023 
-0.564610927707781 
-0.834047849781832 
-1.76934132210825 
2.02462500927963 
-0.13626162159881 
0.449885575051357 
0.658000661700887 
-2.07394060987353 
-0.381234346743557 
-1.88053173323905 
-0.227102146027303 
1.67604239224962 
1.02114180478562 
0.151243267159502 
-0.841441238816086 
-0.0199392442037523 
1.19128215603557 
0.860689267297286 
-0.119792591378791 
-1.70134270296469 
-0.557799765239613 
-1.15302159194572 
3.1288916706467 
0.310260260362758 
0.668464502036988 
2.07051424498269 
-1.11815392714812 
-2.35103351105597 
-1.34446115135214 
-1.11481376910292 
-0.648074154343074 
-0.445166903776584 
-0.408810026432565 
0.189498386394052 
1.00078724092585 
-1.25270151342736 
3.96284004244567 
1.22837591717362 
-1.36434331328775 
1.07942039878507 
-0.880555241061607 
-1.0314431668683 
-1.37089888886379 
-0.328814086062258 
-2.4922529588701 
-0.0109928959533886 
1.92571575647733 
1.40035653664792 
-0.754591076249207 
1.09283092048597 
-0.836543681936879 
-0.304203652905083 
0.285890757779619 
-0.736401697523944 
-0.511059166613224 
-0.933591409146029 
-0.880647565251482 
-1.28356018746969 
-2.02520382769742 
0.285327159096112 
-1.35271497583866 
0.563103533133079 
-1.04057887987055 
-0.565941163327099 
0.60196091566005 
-1.837424666066 
-1.31708288172508 
-0.274898783374641 
0.151659473382368 
0.0256228386778889 
-0.0825891297310697 
-0.238732641434969 
0.902931020263186 
1.18884514441482 
2.11704437044752 
-1.78928640590591 
2.4118788438726 
-1.74870238090099 
-0.251010355459585 
-1.24796883351459 
0.456121914222837 
0.437187728792957 
0.112483185993477 
-1.21436999244985 
-0.216955004658319 
-0.29122354469004 
-0.706298916328307 
-0.473706557198244 
-1.76281692721761 
1.35382257167779 
0.304135937223891 
-0.218644707769749 
-0.819747073356557 
-1.9662881351104 
1.974010518606 
-2.06483190194771 
0.173181024213454 
1.0787070374758 
-1.32036984294601 
-1.28053780250252 
0.582630028198987 
-0.110738846839057 
-3.97235021079563 
0.719876087496331 
2.68159349691865 
1.90269614997599 
-0.373778096160096 
-0.656500297262801 
-1.56076583156658 
-0.127472695031756 
-0.126559320466241 
-0.295135828799236 
0.464864660576342 
-0.974029480120965 
1.66613627305275 
0.605908993901897 
-2.46554129515442 
0.749583800048086 
2.43784173473644 
-0.163349188070421 
-1.67259651810881 
2.33250321532795 
-0.755037629267753 
-0.378550393357937 
-3.29553602797047 
1.4071321567698 
-0.878846726764722 
-1.39227935843559 
-1.30791305124725 
0.232837416864808 
1.94154549954958 
-1.38197023748569 
-0.367509873119193 
-1.22410651219736 
0.235148418955535 
-2.34998347712687 
-1.42989164928951 
-1.85206527851222 
-0.993171445526537 
1.32179683098215 
0.452017361270635 
-1.69588407869731 
-0.00712761347731816 
-5.42891204705374 
-0.417304325584239 
-1.47836824892878 
1.01597235481829 
-0.893487322081276 
2.2104011088278 
1.79393190457459 
-0.143207572491926 
0.62390449370802 
0.729682916137988 
0.0520893268297201 
2.00883792306055 
-0.584977587334492 
-4.23600331927767 
0.603099029597202 
-0.791026702649228 
-4.04700509463793 
1.72924288130825 
2.54188729428319 
-1.50549469312637 
-0.0106966613272498 
-1.35457063897298 
0.149623596808833 
-2.84101310371257 
2.69922199820241 
-1.76302718430104 
0.572254823155196 
0.657706643608826 
-0.234289343537117 
-0.572656877351009 
-0.0973441150749415 
1.62940665775183 
-0.0210373566947214 
-0.110073333399292 
-1.10915920243202 
1.0487513945283 
-0.366960041515455 
0.48942341398095 
2.64206739634566 
1.15293788637814 
-0.194241435487407 
-0.285936278056535 
0.590953113389495 
-4.11992989267244 
-0.958209320087348 
0.411616053138814 
-0.461270304963401 
1.72716460499928 
0.684313516889834 
-0.864796270768541 
-0.308140840801794 
1.29672527221423 
-1.88885736877496 
-0.381267193758494 
-0.535289559632421 
0.150729032910517 
2.48183807079545 
-1.71874178281117 
0.201184872379702 
-0.363280112899008 
-0.449371113077117 
-1.58947036070469 
2.21796368368476 
-1.22293061999313 
0.166726807516899 
-0.790238435808981 
-0.893432895594655 
-0.525403678944184 
0.128364866721216 
0.506339134866704 
-0.220515039649081 
-0.711267804601351 
1.26249536802775 
-0.743140239966743 
0.795220920282637 
0.90352400972408 
0.923560822795864 
1.12450814406715 
1.39615155691283 
0.408701820565805 
-0.321670289830161 
2.60234416612122 
-1.79997410649306 
0.592268827033113 
-1.57897930952024 
0.0572670049990376 
0.271210290224289 
2.39378666886325 
0.639470090671438 
0.0551794385005802 
-1.06675352391471 
-0.0111628335108979 
0.0801472797166513 
0.631074504319697 
0.200643607796462 
-2.27662951665345 
-0.247888859110298 
-0.380076922424625 
2.38624119729278 
0.071782155082884 
-1.33947846804261 
1.47885562071159 
0.26768374820006 
1.1317411891803 
-0.509065207147656 
0.255138330960085 
-2.86484262056834 
2.38084636219621 
0.586835864820446 
0.207776381446688 
-1.00369330164832 
1.09156794004317 
1.92847982201209 
1.4757545051887 
-0.829281652199479 
-1.23822728314828 
-2.84070124743879 
0.970942834444226 
-1.47192407156916 
0.112491097605153 
-1.03423920895539 
-1.06821585314238 
-0.247301502000357 
-2.93820628892066 
1.81078094942356 
-1.51022289501565 
-2.13344408693228 
0.572674854003979 
-0.889199204240489 
-0.894467140869963 
-1.07333823554434 
-0.201353714380033 
-0.546449858294193 
0.578274362977362 
0.132537723745787 
0.688346259778239 
-0.611812408305212 
2.40840353556591 
1.31201721220687 
2.44752970076134 
-2.1719100044703 
0.31440192249578 
1.00443658434766 
-3.4377326252996 
-0.772909219450013 
-1.05269566640143 
-0.355548920672919 
-0.305930264423945 
-1.41697254837726 
1.337875436262 
2.46445785326143 
1.44598085051975 
-0.45201451229349 
-0.627023480700891 
3.10836277511848 
0.862360214111527 
0.0294842327674863 
1.73211830012612 
-0.672611401559427 
-3.78930942815066 
0.121795053810206 
3.16725547727925 
1.76792078441036 
0.416959329003471 
-0.420622734470167 
-0.112902606930014 
1.01844453292006 
-0.136397070363936 
-3.15758242288897 
0.610825913413034 
-0.726059537548206 
-0.250266065380865 
0.173819469165055 
1.16425947362345 
-0.128496563376441 
0.796861120021098 
3.95054517303089 
3.14737173565087 
3.05738108608842 
-0.829080463791152 
-0.40118193032191 
1.1777557871356 
-0.449938342174223 
-0.297686829600358 
-0.471128218164835 
-0.662321921106511 
0.275110261636209 
0.397768908608965 
0.179915458780094 
1.85216466780424 
0.976599327324626 
2.55465741882286 
1.38060474923915 
1.63379731893271 
1.72939095027011 
1.12769190250411 
1.78595786599134 
-0.256071340768907 
-2.19351530242388 
0.327747475037386 
-0.87976828931823 
0.12711593084667 
1.05360929783778 
-2.09797049277979 
-2.0513716627918 
-1.05575918916452 
1.41042990146277 
0.981811943432202 
2.11073205462077 
0.555242444753508 
-0.595262673760317 
-1.48368127014498 
0.27699786804542 
-0.902329144420317 
0.90240897240058 
-0.0179564672886435 
0.449210567498627 
-3.28426631159633 
0.389022407633615 
-0.616310340513827 
0.456188021216241 
0.494150286545624 
-1.82298533740345 
-1.20666279115617 
-0.664525314105898 
0.980746831678061 
-1.2175837146713 
-4.78515341613809 
1.7059910890988 
-0.887034381724231 
-1.99502904975242 
-0.00814261647236869 
-1.57581363813944 
-2.54654001266028 
-0.347341412426927 
1.68644259081899 
-1.86365037298245 
-0.104068944286432 
-1.65482741184046 
0.851605032671217 
-0.199935040037459 
-1.60618844728532 
-1.22840093367331 
-0.352421129643636 
0.693622968517496 
-0.478941962913476 
1.18745845749074 
2.78917022138606 
-0.463964797951257 
-0.921921994850294 
0.991164614007571 
-2.94950263291308 
-0.102703827643445 
-1.21497563963324 
-0.976403804865473 
0.817036629744679 
-2.99926267123976 
-1.5909853273579 
0.250604010731973 
1.56225846035479 
-0.803031999667603 
2.41349213851866 
0.750380167260642 
-2.33426985226181 
-0.171257914285511 
-0.967667025711887 
-0.392439536734933 
2.39519517316613 
0.360892062165899 
-2.00708553142094 
0.0517040452424454 
-1.70576295006752 
-1.39679879093486 
-1.25877756252242 
-0.424311012371385 
-1.51629856521359 
-1.35644309083418 
1.29979410443918 
0.692199862279373 
0.693581381250969 
-1.53020035261941 
-1.99027953978919 
0.33589359840915 
-2.14687302306971 
1.64131804229033 
-0.0144123326344191 
1.68368556078157 
-2.52963823743129 
0.998309708145235 
1.35862545244247 
-0.62901677560049 
0.342652583844811 
-0.72019226151918 
0.516516062252788 
-0.36075241520501 
0.581474157402793 
1.52203374788961 
0.410602046207442 
0.436351146747255 
2.14068724695592 
-1.31187548867962 
-1.18186342324241 
0.0464619722259354 
0.360191239193532 
1.11660984940172 
-0.609430901080909 
1.36138839199716 
2.07674122718278 
1.23176029474554 
3.14113634887218 
1.11799487556326 
-0.417698463427416 
2.10773284252296 
1.37942283161814 
-0.50353638754644 
-0.610988290678697 
-1.00339958711342 
1.12871075902509 
-1.99927408698395 
-1.61606489755212 
1.57616681088465 
1.37454453399022 
-0.0933462133772274 
-1.40200917523471 
0.520081299163502 
1.12594824557923 
-1.24501493385738 
1.01201027024303 
2.1866374741732 
-0.463446664916421 
0.907279970402256 
-1.53211762717915 
-0.581028374796549 
-1.99479753039086 
0.433888854656353 
-2.60346215127775 
0.528093433657107 
1.3697077013599 
0.286880850997352 
-2.00649588842837 
-1.93565584716751 
-1.10571902070466 
2.25688523552511 
0.372540128350961 
-2.33155332136474 
1.3235147660187 
-1.52948467747385 
-1.24817666897351 
1.32513926048459 
0.762793308971852 
0.266681226240254 
-0.865322309826579 
0.703668431014407 
1.93577729885365 
1.20558759207402 
0.0545560003636086 
-1.65052652558399 
1.86379327933218 
-1.79722460925869 
-2.22543505555836 
0.193761323481881 
-0.543829337164509 
1.72467496215872 
0.00138138609672361 
-1.14678868149416 
-0.297702271575141 
0.267431651619462 
-1.70695884465708 
1.50431105018819 
-0.69567668439725 
0.088182931785403 
-0.231821663183992 
0.356040936906969 
-1.89520892042075 
1.77373985557189 
-1.38953820516597 
-0.0456534897931745 
0.798689661300569 
1.47847351770508 
1.23929630560846 
1.88023617406983 
-0.513665263846856 
-0.655055525319785 
0.680237654292022 
-0.297284405050328 
0.993817690289065 
-0.99462565558757 
0.588184331638751 
0.107975790619843 
-2.33721163155807 
-0.927027027187127 
-0.244889532099947 
0.122924326038911 
1.81100444865142 
3.5950423597486 
2.00106077023397 
-1.53156929815419 
-3.00059332354079 
-0.88555268068544 
0.802032448391638 
-2.59019118749833 
-2.45015987394294 
-1.81902988886398 
-0.610667012083642 
0.773227957253429 
-0.559571717916076 
-0.370108369107269 
0.720640352522537 
0.480229324130045 
0.983361810524002 
-1.89453718351017 
0.860777884099201 
1.70081003968998 
-0.256880015594648 
-1.30905299623962 
-0.746969230736854 
1.87230785785923 
1.02752144824707 
-3.81672963085755 
-2.56079441726566 
-1.63836525508877 
-0.643815242499922 
0.688950844290447 
-1.63639424159372 
0.0508959746575637 
-0.029676972509604 
-0.345209882944302 
-2.08001388794139 
-1.14524013993061 
0.331338438251061 
-2.92055782552152 
1.35398834832486 
2.14711119397554 
1.68715664544408 
0.29488614351905 
-0.0871010250349264 
0.335961094206055 
-2.82482723622604 
-0.482831767061151 
-0.548719351654629 
-0.358460495540028 
-0.847706785420356 
0.847668006043746 
-1.15712716274471 
-0.591230430852611 
-0.942319944174209 
1.63292055353882 
0.038136763291072 
0.0779059267704227 
-0.90647204702817 
0.0633311583628089 
-1.64427395928254 
1.59805614541642 
0.56291327819478 
-0.423363266007489 
0.994016141794058 
0.216441808039883 
-1.06557783421265 