1.69516899404954 
-0.249999771355491 
-0.656909750292795 
-0.0336218546889885 
1.72323677741469 
0.569123418308054 
-0.236374077233232 
-0.330515312825295 
-0.44273288367206 
-0.511204343064874 
-1.97016709073056 
0.977390681648263 
-1.8910443393131 
1.83599622922172 
0.583000231167983 
-1.50183332715656 
-0.870223796280541 
0.0719373192427113 
-0.277852292858853 
2.18028231200297 
-0.270368726494467 
-0.155278801097574 
1.44129624368784 
0.27387188619056 
-0.364592642031657 
-0.505717563315842 
-0.510429255403508 
1.10612217849686 
-0.70585525043901 
0.0647619000760462 
1.19442108801222 
1.75099860674216 
1.51769363564717 
-1.39663645785925 
1.98527536383067 
0.0925381991537249 
-0.372332181683754 
0.576109975497012 
0.767239850820019 
-1.3547767181739 
0.125352161637649 
-0.825531582396773 
1.61758656027934 
-0.0734057257283611 
-0.393957097051402 
1.83141414998588 
-0.226330180139454 
0.285161074741702 
-0.908245754539887 
-0.619668823093853 
-1.80512934312779 
0.616172820092343 
1.35500504329252 
-0.942391170251358 
1.60612862156225 
0.453402650777435 
-1.63631815964293 
1.3157703637628 
0.50176695689259 
-2.45496935613045 
-1.21544695451888 
1.18152571153678 
0.223411987486974 
0.278025889757551 
2.72949805263713 
0.628835701840843 
-0.262684446442133 
1.61952889820329 
-0.226376324737879 
1.25175029571481 
0.320112357809843 
-0.473531864764414 
-0.664706578946357 
2.8828339745311 
0.00157915495199357 
-0.671114206061933 
-0.38993282411796 
-0.115342204004936 
-1.83317328555244 
-1.78871033584183 
1.54845362191717 
1.09517425427787 
0.0445577372334729 
0.776848341048172 
-0.796523043198712 
1.6514711881445 
-0.0504968413664314 
0.398468975256631 
2.44038969693708 
-1.18847158192546 
1.85058761913179 
0.279233928009983 
0.532358763099777 
-1.84440528761517 
2.95181110195865 
1.88271047019569 
-1.16316540077971 
-1.28569946089437 
2.01859535018721 
0.661908304148569 
1.73902642890558 
1.10931221137101 
2.22537352994228 
-3.15012334891945 
-2.0021299517708 
-0.688619895496131 
-0.649948781873265 
-0.0848588751513939 
-0.867743144893837 
-0.430997532104072 
1.11585619671596 
1.28725009896409 
-0.231645138637501 
-0.84726995338717 
1.91835650697247 
0.220938558317648 
0.0979981157777974 
-1.27439279902416 
-2.44120201411314 
0.19479606910792 
-1.08153917468887 
-2.35435112824577 
1.0061412600625 
-2.83987492233946 
-1.32667111738315 
-1.69441460416107 
-1.63699270331569 
-2.59935758302078 
0.50431242062238 
-1.0319152067751 
-3.10755075175012 
-0.496652778144823 
-0.0294551810980008 
-0.373178412107358 
-1.04506600770341 
-0.652283098179579 
0.0209607347883215 
0.359157699175992 
0.285736832199431 
-0.460776165892955 
-2.90409273569075 
0.87446129768596 
-0.993665816092901 
-0.338323468862507 
0.305162167501737 
-0.599285274712516 
1.00206253258985 
0.304951226521904 
-2.17430735287812 
-1.51361468331163 
-0.758064063763557 
0.606144064001704 
0.250382600187494 
1.13653063414743 
-0.198383115802675 
-0.866078405788078 
-0.47504740051938 
0.748239560430767 
0.679333769703191 
-3.61291462537937 
2.18903032149178 
-2.02835486795282 
0.268109401173373 
3.07678562120889 
0.534599559605678 
-1.66634481267383 
1.72193502595087 
1.02662075409289 
-1.71912176213432 
1.65932915107332 
-0.510260892042576 
-1.12081077100489 
-0.0278417102599666 
0.504373129453965 
-1.00662876129953 
1.82797846671038 
-0.500521628890423 
-0.238991171342331 
-0.0880474490907341 
-1.89304900385764 
-1.05051641866993 
-0.299482622007323 
1.00499509911988 
0.724351316060547 
-2.09075560191806 
0.480669672159907 
0.833230457765983 
-0.123763309499453 
-0.276768465275202 
-1.19549687919361 
0.299614571456196 
-0.538277524824809 
-0.300102938050413 
-1.28807386382553 
-2.01275743743483 
1.70713831219924 
1.62312025767001 
-1.23754454232816 
-1.4655441754445 
-1.65468208355644 
-1.56307087081416 
-0.897657858176942 
-0.504927047297359 
-0.933816231147232 
0.426168275135382 
1.36592508635393 
-0.127201866234656 
-1.20696434400792 
0.577927887974516 
-0.892027760426306 
-0.160493323267932 
1.91800749492052 
1.64795088196631 
0.220507446702842 
-0.0042701690260013 
-0.357617990516139 
-0.983888563406748 
-1.45646273661016 
1.67787541700583 
2.95112804765087 
-1.51206289124218 
0.405511520614539 
-1.47334451670853 
-0.491803307814756 
-1.00284873079717 
1.57451454354525 
0.560612611540868 
-0.344302885883156 
-0.48849264146483 
-0.809199474486075 
-0.959890824106971 
0.565215322597544 
-0.259588168603919 
-0.552493633855792 
-2.4597588400751 
2.40710343471258 
-0.337987655802345 
-0.39330131766672 
1.01728375920734 
-0.242221915740805 
-0.904171737244725 
-1.41261096458882 
1.666227113446 
-1.73974264480993 
2.79710763990716 
5.66482854671987 
2.7544769866359 
1.00439032329183 
0.944887346173032 
1.45005576382895 
4.4854386987907 
1.98703421705573 
1.05017533862445 
1.27802063732275 
-2.22229081173402 
1.18181850120518 
-0.133433669120938 
-0.1023178091254 
1.819972748798 
1.00412276130143 
-0.207694004697829 
0.0648974017777873 
0.833656270674241 
0.641675340333716 
0.928435838166908 
-0.528585866721016 
-0.189016490110863 
-0.869400639000796 
0.276454049893142 
-1.98562362704702 
-1.40991031691951 
3.75744852287722 
-0.602242550054175 
0.56506109039416 
-0.805498137277927 
0.498877720658695 
1.11190420187422 
-1.18411236474988 
-1.27866697711254 
0.906661591010676 
0.925373876033241 
0.276275716420868 
1.88851211220758 
-0.184551750619035 
1.17549533614887 
0.166553239494006 
2.17830414634509 
0.0365093894070174 
1.78800890471447 
-0.752493041969073 
-0.393769023039204 
0.956856597138213 
1.45238007141459 
1.00635683830157 
-1.43354622108722 
-0.780631510836604 
-0.402149472997947 
1.27859557914079 
-0.871174462228085 
-1.25000252769792 
-0.18343594439146 
-0.459125021207555 
0.317353538649163 
-1.47827308451269 
0.906444579385149 
0.194746289509264 
0.660766746155086 
1.42712229247544 
1.91305818853438 
1.38616479194751 
-2.64621162717897 
-0.502003516764674 
-2.12612039727864 
0.237770120265203 
-1.07119301332064 
-0.382271096105482 
1.37228025860718 
-3.54068913072249 
-0.416627027183544 
1.17508914577614 
-0.659528263871762 
1.66271640196356 
1.07428634465493 
2.0830215724835 
0.940853121414069 
-0.46346543366391 
-0.280005964934254 
1.78155940039102 
-0.966205794952021 
2.62758565264722 
1.54206334047533 
-0.620114140113651 
0.48687970159025 
1.22340104049433 
-0.503394671610435 
-0.215472263778435 
0.894874929017436 
1.74598053267223 
2.44016563428453 
2.02404120071564 
-1.31358295497026 
2.40065088046339 
0.0489051549858232 
0.172647421609872 
-0.19914616802422 
-2.11177289918458 
1.40391513146027 
0.672937525463227 
3.16369898116432 
0.394970061548623 
-0.342334468096654 
-1.51511773861077 
-0.475193037061157 
1.89961435754647 
-0.648388391510024 
1.24486074161793 
-0.888392205005233 
-1.00691353280894 
-2.5036416428743 
0.864421533227696 
-0.268055096557338 
-0.0293908922261106 
1.21065361755056 
-0.759497811153681 
0.682749092259588 
-1.59712305097532 
-0.928170511222477 
0.891817761773975 
1.12068168275451 
0.532613550496963 
0.768198287478561 
-0.582103286324399 
0.0819996755577759 
-1.91769433606516 
-0.273344592406997 
-0.914096559444042 
1.00241337291271 
2.21897878341022 
-1.90400874612257 
-1.98657801451603 
2.62694091876474 
0.217180563859522 
-1.35694806199497 
1.24968015789641 
0.80156612126476 
2.49664178400337 
2.75725828836855 
-1.30278099818289 
-0.58394089868966 
0.510156700541979 
0.162955896016003 
1.18013468650991 
0.907578591463134 
1.98077213938618 
1.77687610184543 
-0.0205664508811083 
-0.74160953142521 
0.480069420449208 
-2.11332579110504 
0.695155373216762 
2.26736342548456 
0.00365715230075059 
-0.923695890317772 
0.616271027624053 
1.22335299654503 
-3.16844749647167 
-0.430149341013742 
-0.697156289287531 
0.0846288650192513 
-0.433292294543628 
2.53502519091223 
1.74633922976011 
-0.231006732096634 
2.5329177707244 
1.5756056112233 
-1.17096121931143 
-0.679551771323509 
2.39902207382125 
-0.187425110310533 
1.21906432563009 
-1.87923530470717 
0.898495552897152 
-1.76396219863672 
-2.80093447747013 
-0.146467162761209 
-1.64142791635076 
0.83112312193837 
1.90973254177512 
-2.06312016329973 
-0.173910704582411 
-0.252627514321987 
-0.851232925840345 
-0.705231702435565 
-0.431058109322631 
0.330791059043141 
1.5190692554675 
-2.22947757896645 
0.819790318795621 
0.245464033782081 
-1.94853539732908 
1.18451728523522 
-0.564996792699992 
0.338512393555782 
0.813356952254821 
0.153424460179416 
-0.900262802658464 
-2.31065963017882 
1.1116718386265 
-3.06245650315796 
-0.439178025844364 
1.09095619519273 
0.222467863986883 
-1.53454467305997 
1.02722141465552 
0.0359292111491127 
-3.32999051239339 
-0.423781530748214 
1.76021650053034 
2.27230184961283 
1.26455884217553 
1.73820744595309 
0.0454173114995498 
-1.13817213558117 
1.26816455680046 
0.170582096201655 
-0.728562390525234 
-0.665860775378734 
-3.04193726752396 
-2.00318272692324 
-2.95739911815667 
-1.42683935380704 
0.792226324601387 
-3.37097184119013 
-0.448444227419695 
1.43361716676657 
-2.37067368833668 
-2.37719875375784 
-0.123778149168554 
-0.902905886770876 
0.719948271534821 
0.677911083329942 
-1.23097997103228 
0.517518572390446 
0.131842906785234 
-0.0566365607027501 
0.0702871977552301 
0.557897624512123 
3.39615358604427 
2.66497096307989 
0.291627494071933 
-2.35727672746567 
1.4060831361452 
1.18297150780688 
-0.491615300373067 
1.07993545781981 
2.26838002711654 
-1.19611699732095 
-2.36123959603076 
0.0954995977834724 
2.35918470281876 
-0.829823097259921 
-1.12804596801161 
1.61104374263415 
-1.89057974979353 
0.944704021147298 
2.25600652240723 
0.428623330332236 
-2.06916648618057 
0.847877221706103 
3.36295059125657 
1.9300280381253 
0.625474391880039 
0.870023483617491 
0.162719334603034 
0.300551158216675 
0.434727452003325 
0.450154679449836 
-0.216387236906836 
-0.944284089062254 
2.27618110340896 
1.62163309388473 
-0.288292541419356 
1.82353363220856 
-1.4599309770819 
0.364355427269069 
-1.71742604043278 
-1.66767264918905 
-0.399685034595687 
-1.40769546275283 
-2.14067948164979 
1.56922167124597 
0.375803517683823 
0.621082175469845 
1.14878419614216 
0.355075199101935 
-0.146418505697543 
-1.18963574928801 
-0.336614830963177 
1.84085091655876 
-1.90017461397706 
-0.491490701235311 
0.329602793498607 
-1.80431636068371 
-0.436973679430975 
0.00423110484792888 
-0.0790699811003792 
-1.10628789770139 
-2.88341516167472 
-0.189867226648374 
-0.895975796508793 
1.1387933709893 
-3.27280749355869 
0.546415070141312 
1.53147336647814 
0.580619451865148 
0.125510114926865 
-1.27057148577742 
1.94373671834002 
0.528967634911742 
-1.5130637858647 
0.860372273197588 
-0.583462971676334 
0.560044552727314 
0.699821807902092 
0.582797426300996 
1.46804102856374 
-0.619088390355012 
0.471555195626158 
-1.67525696870974 
-0.418956194432074 
-1.87687539605291 
-0.273673635193824 
1.44066813465198 
0.921881250757006 
-2.41881387293214 
0.026815926365458 
1.35954356723156 
-0.878121619908362 
-2.24268672736889 
-1.47350670936392 
-1.78054239526037 
0.252284259878676 
-0.0315214019323331 
2.36060858188405 
-3.29552839957786 
-0.118584353483946 
1.45683389151603 
-0.162684690661945 
0.84955340285682 
-1.03853156862273 
0.0510416761982481 
1.62921602404373 
0.733115824834068 
-0.429628164718671 
0.387070476146324 
-0.00449833622766271 
-0.336164586276733 
0.605858456273456 
0.0235353682462447 
-0.458546863864908 
-0.147573048235652 
1.38731629073718 
1.76382261828018 
0.624327775694767 
1.14210303871796 
-0.334923271965168 
-2.71861368951086 
0.779119764263464 
0.81881889939647 
1.01979112561717 
-0.169857087580187 
-0.345530553233904 
-2.07889173262108 
0.558707317916112 
1.27023441419719 
2.05769920893565 
-2.31110859742075 
-2.52883575017919 
0.629692368906442 
3.21918328231279 
-0.727008099956411 
1.20581686926932 
-0.315211360153087 
-1.89297981229703 
1.48914651425318 
-2.00835905080369 
-3.22239932510629 
1.91266916366207 
-2.06617134200698 
-0.419170318039571 
2.47566776044104 
1.45696588477311 
-1.27830453535094 
0.0331597906087487 
-0.641117103259058 
-0.0504896954040146 
-0.594648487482456 
-0.464597941481119 
-0.8715048984136 
-0.880171714352779 
1.37609895288111 
0.519427206477526 
-1.84728961089976 
-1.26426038845347 
0.488086862210779 
0.309437947010617 
0.943795138089553 
-0.405836997015974 
-0.375911105723285 
-0.508229201140824 
0.343555577249994 
-1.13060938320868 
1.37544185931474 
-0.672543857205429 
2.17395999408971 
0.227602414632785 
-0.608620364136823 
0.368343101484996 
0.545147808409222 
0.358823534666437 
0.0865201148900248 
-1.11356529947367 
0.494707824197007 
-1.32897494963702 
0.940820896500721 
-2.82378208638713 
1.54757652449995 
-1.48090747857992 
-1.11712449341175 
-3.19763423855493 
-0.776823448558025 
-0.916710444515528 
1.37084756652633 
-2.1510986482109 
-1.15680852067594 
0.42846480839465 
-1.02134933980585 
1.32272198615086 
-2.87253152395944 
1.02114183233707 
-2.59818787263974 
0.207216358143217 
-0.119095940377189 
1.67345329846707 
-0.500374995741896 
-1.9597063915426 
0.00670187485085189 
1.09036925765183 
0.865971150987222 
0.99976781364633 
2.22339277074399 
0.562285482614304 
0.593881706956561 
1.28849969080684 
1.44318899804024 
-1.5429291214984 
0.776891262072975 
-1.34131703022691 
0.183163430189954 
0.617569186922728 
-0.361631384807136 
1.04682317466802 
-0.610751570031272 
0.461565338851078 
-0.540208364763845 
0.465574378618737 
0.122264063302973 
-0.453226926731193 
0.878989376833263 
0.765916869140639 
-1.23319289110001 
1.35112914842973 
0.450515790417431 
0.388345696879586 
-2.77500623008954 
-0.099336848348956 
0.922451824133355 
-1.66534616699206 
1.93372109123992 
0.602340627499431 
-2.03423482698158 
-1.97446307591821 
-0.265401068817952 
-0.809098551800673 
0.484237035973792 
-0.108001466545788 
-0.0138917156743328 
-0.613825212838914 
0.471354392934794 
-0.0141675167865041 
0.13028451323182 
-0.330448183522474 
1.48213044687469 
-0.953248346652304 
0.368724977864226 
0.0808110334606271 
0.192340540491368 
1.54189361485449 
-2.54542165829072 
-3.70868498427189 
-1.21974182155727 
-0.505954837556005 
2.48355617988473 
0.337371632063567 
-0.872452921387738 
-0.92750796423412 
1.21286638838206 
-0.0407968161057409 
-0.600592993902416 
0.43996881271495 
0.196050531015167 
0.169071554302362 
-3.21389225661968 
0.173570163535663 
1.29480915891583 
-0.301132517311459 
-0.146595695816275 
1.27438924709453 
1.03698002393937 
0.330979494343546 
-1.26234491847555 
2.10431547113765 
2.6982889430848 
2.34109898933327 
0.145550753015892 
-0.759385698279958 
-2.21074560510714 
4.23237151529434 
0.31553670177793 
1.46773088837175 
-4.21010954341219 
-2.17643717626882 
2.21880892655511 
0.927453434885059 
0.983611005001859 
1.80102000126742 
2.94676509160258 
0.186681629253301 
-1.28272025364833 
1.01953182193454 
-0.883879234301918 
1.69299277590251 
-1.10394699677006 
0.366406740838877 
-1.20951452083627 
-0.289491872690596 
0.339472868140935 
-1.54485273126187 
-1.07653388669775 
1.56270256239473 
-2.41588755810639 
0.572351010151027 
-0.316676363798385 
-1.08992384083355 
0.539497920933958 
-0.310208670845539 
0.314345835733684 
2.28041349573119 
0.973480996811337 
-1.59751719455219 
-4.87364671871263 
-0.762550070408885 
1.19875260106465 
0.701038392453714 
1.03699880936466 
-0.589028055092886 
-2.74461852430504 
-0.355692602539296 
-1.31348423672491 
0.473989059662879 
1.00980891265835 
-2.41360242648612 
1.62405686347346 
-0.700776731593365 
-2.02963404361985 
-0.00175560969598448 
2.45471484158818 
1.05449085218021 
-0.625062250633888 
1.31514702635689 
1.2705235710386 
1.76145044825672 
0.557412787610192 
0.676443547500118 
0.0669745019960799 
-0.744652351490092 
-2.68548110056642 
-0.319529966523678 
2.32637855892503 
-2.47556992964424 
0.371708349326541 
2.10774808068202 
0.331208645426959 
-0.791138440062665 
-1.534424849913 
-0.175923134223637 
-2.2520031856407 
-0.466411740502869 
1.88339065582764 
0.391219848730181 
0.217002239409206 
0.489018970324192 
-2.32581523183387 
-1.29664848744213 
1.32345170458751 
0.225000702844719 
-0.132664867086547 
-0.579022086542942 
-0.284663027623288 
0.119575387030107 
-0.616032177446836 
-1.05210429364591 
1.0417085787219 
-2.09642179522484 
-1.77579825032266 
0.145294804331101 
-0.643029557563734 
2.22546512715998 
-0.533283361366786 
-3.216391066435 
-2.81784886349431 
0.807821831496839 
0.00799196482250486 
-0.890517260526868 
-0.0386770642543074 
-0.102328250765147 
-2.60335300995066 
-1.75322842722729 
1.6617538918609 
-0.584733618539942 
0.850659469711046 
0.875639164424468 
1.22245478627105 
-0.528239587640405 
0.705002820659355 
-0.858613483276135 
0.699302617179892 
4.61935875226236 
-1.71435650414145 
-0.530073160842724 
-1.50172632072317 
0.977407762094293 
0.301229763694217 
-1.59375552175636 
-0.119051905150035 
0.100200909689613 
-1.87821921546226 
-0.789687390329948 
0.479667284011179 
-1.56877921938195 
-0.395028846549021 
-1.2135687824984 
-1.56752091170901 
-0.715927902779883 
-1.65450156098184 
0.525747095831187 
-1.52661100973499 
1.59687869661323 
-0.51041019740144 
0.728346551462629 
0.0847667894017885 
0.46058763660197 
0.158005710374416 
-1.40378839292108 
2.71416985087245 
-0.149242474843285 
-0.0230012484040696 
2.47661893306086 
3.25819857494325 
-0.0652696896091718 
0.499450086980027 
-4.06781380256345 
-0.563341575496715 
-1.07025513101286 
-3.42750558590336 
2.2198022311133 
-0.446360149768552 
-0.315157541822591 
2.58074282749162 
-0.0871237941222343 
0.501910968267504 
0.100652009202384 
-1.51507083808998 
-1.07683703242851 
0.0518075650573897 
2.19999937310339 
-0.484092520216993 
1.0147811319192 
1.17903204586183 
0.751996801034721 
0.922354780118775 
2.1756454897987 
-0.327647359523661 
-0.154815963741419 
-0.233070273547877 
0.28390805934834 
-1.05717443631639 
-0.472991038002373 
0.757774300945526 
0.488748217906095 
1.11058350878687 
0.0829016446102686 
1.03640273756424 
0.430356000986625 
-3.9150267846698 
1.69114510410849 
-0.540275614351064 
1.52792763062743 
1.45707927643333 
-0.0991857371531383 
1.36847923020111 
-2.60164048603399 
-1.80272470603588 
0.116455205683901 
0.713779405851158 
0.334433260424142 
1.01790782972979 
-4.11460742222716 
0.628870324815783 
0.22450018929657 
0.953009204274823 
1.06550496851476 
-4.18162117440877 
-2.37345601355961 
-1.73571629588755 
-1.45291171730662 
-0.783782039828837 
1.48366656966449 
0.340895629864995 
1.21223893019033 
1.32346352022765 
0.255084767294414 
0.49991520690605 
-0.436136044287721 
1.06422054148864 
-0.0847113109050701 
-0.908372131961441 
-2.08890533380507 
0.627174808234793 
0.57818785197363 
-1.13150217348076 
2.69841059358854 
0.757280803452649 
1.97901180658659 
1.97055953790722 
0.482479078957531 
1.73559815346405 
0.482600383310483 
0.0715170773359296 
0.52756376002362 
-3.10052414670021 
-0.0136324110409066 
1.59171359889757 
0.536918519999679 
-1.71327305638227 
-1.41384979455113 
2.45727552264149 
0.658424950651794 
-0.431389170577305 
0.16782096411303 