-0.131673918204064 
-0.413982774475877 
0.683425095345121 
-0.343539402059198 
-0.577189224371094 
0.323412733451447 
3.350264024544 
1.6088221133736 
-1.36249643030989 
-1.29058341816613 
3.83566018533228 
0.107893953305401 
0.746842543000426 
-0.0856789821686456 
0.280607901622403 
0.0377160002403545 
-0.0815678464593019 
-0.15736313070115 
-1.96307300684657 
0.541249133618727 
0.322189162679945 
-0.926744902298737 
-0.192648939223469 
1.58860118721926 
-0.217399509817465 
2.00620440319997 
0.570128803898373 
2.02578414749773 
-0.823171260950206 
-2.41313349403171 
1.16759766960307 
-2.41976941259381 
2.13118761686438 
0.8410274366975 
-0.366120948062632 
0.0427575784859282 
-0.464465737300703 
-0.530428499436432 
0.340898700365188 
0.718352523260439 
3.07144561639518 
3.59630435414218 
2.33050933242383 
1.15583869937189 
-0.771777321910068 
0.917020123554952 
-1.07835855165408 
1.35426902927881 
-1.15332255002418 
0.0320791673941995 
0.762110080353788 
-2.71943990980179 
1.3896232898498 
-1.46498532183322 
-1.75118520707777 
0.0862207949768347 
-1.37631890877306 
0.431309615515409 
-2.05438382302415 
3.61460805277254 
-3.55900669806277 
0.606631619625833 
0.571415029944896 
1.04872833817454 
-2.32861093519129 
2.55368540243955 
0.110274308608332 
1.02531707203426 
0.708903319208204 
-0.278939569139663 
-0.743838316984887 
-0.0944654103248856 
2.87913821368706 
-1.04634517831635 
0.072586793633978 
-2.3190467831245 
-0.912089112947396 
-1.19573120851486 
1.83697708566178 
-2.11886256337182 
-0.76086920386871 
-0.171782196144172 
0.834148360277054 
-0.575391599706302 
1.37247518344561 
0.754502611198277 
-0.312330287086968 
-1.01819374327253 
-0.829374484122665 
-2.78528110292902 
-1.01484007191461 
-0.0939531172682117 
-1.32659584230649 
2.17496890663355 
1.31365686286198 
-2.04094644631863 
0.430292056809073 
-2.16822059920298 
-1.23082684830204 
-0.790532924537782 
0.865118889282965 
-0.538021350566029 
1.88659190940283 
1.00082199512024 
-0.188930167208871 
1.08073062442151 
0.0299072649370709 
0.646108755778377 
3.34863931340312 
1.16953675678688 
-1.51931115764434 
0.605745503579645 
0.319487480987831 
-1.28580541047568 
-1.48253309636491 
0.222443652479156 
-0.476526169619603 
-1.07512264328223 
-0.603663078585188 
-0.326637630301267 
0.629804774130966 
0.649220327182053 
0.539674269503445 
2.30875303400088 
0.893639489129215 
0.793246724856853 
0.463810687237389 
1.29620211523173 
-1.53131730256573 
-0.746144689061569 
-0.257101931588388 
0.131465736321854 
-2.26650382752221 
-2.0799147105341 
0.047169222397657 
-2.26213218390414 
1.60609301261238 
0.959519693953722 
-1.37243768298114 
0.00407578900466521 
1.04024268937722 
-0.444352949881484 
-0.561368470315096 
0.407225852031616 
0.228190160311715 
0.542188790286492 
-1.16408179332197 
0.562035009099693 
-2.30471228876706 
0.498565475850183 
-2.43366340608943 
0.97487028200544 
0.411510982005864 
1.1122538685958 
2.06446955994335 
1.90778192838866 
1.62586250861391 
0.366618368570799 
-1.52474251733139 
-0.509740915315584 
2.22331310300047 
0.89867364731785 
-0.374763869641512 
-0.0823174006978229 
-1.77044718662955 
-0.0372270986100136 
1.04551862134521 
0.135953282253565 
-0.409755089600974 
2.52011079795311 
-3.49007486024002 
0.797774139378517 
-1.2310023482547 
0.808996232676097 
0.335823117209064 
1.34790390091253 
-1.45487604513524 
-0.672291413419526 
-0.805263931848432 
0.254508839239944 
-0.526697051144223 
-1.89420812943358 
1.11388986668411 
-1.01040585554357 
0.634960163652421 
0.82177327812221 
-0.755098196390617 
0.591429454803315 
1.25963269045378 
-0.108843439955865 
1.26458722280911 
-0.352402645223019 
-1.61025550578001 
-1.29818739494206 
1.3436409334268 
-0.718424028963093 
-1.52542402930021 
1.92818699734343 
0.355118638809227 
0.18466310488889 
2.26719384043859 
1.67658809375013 
-1.47229423174093 
0.742237540370911 
-1.56076025640303 
-0.387594970642551 
-2.56584643861128 
1.4525130371461 
0.308359942957106 
-2.60413592110167 
-0.150206791197178 
0.150803667521761 
-0.336152393770928 
0.576744351341076 
0.440735972776667 
-0.0985546146860964 
0.856498056964365 
-0.402981635765171 
0.427531392913431 
1.13398948368308 
-2.82385214550223 
-0.932931174875163 
2.11037410690088 
-1.69374418835594 
0.340907921092621 
0.134959162641839 
0.831928758522313 
-0.339236840466656 
-0.138689239924679 
-0.450391710207581 
5.82853851429741 
-0.684768952096404 
1.95282877553866 
-0.910515318700386 
-0.195235976805867 
1.0692824271052 
-1.11029772328449 
1.33164204208176 
1.01734460464214 
-0.483954808407591 
-2.01783661798964 
-0.790967290015267 
1.76112722616383 
-0.0437601077922078 
2.09219028854637 
1.81418066191597 
2.69323985857205 
-0.628198588817968 
0.408230111188171 
-0.229104294616241 
0.710994137471932 
0.861794839982789 
-1.50627453826393 
0.341329838065239 
-1.25116773606917 
-1.08512197975101 
1.54680498962375 
-0.731600897862107 
-0.57534597559791 
0.168374361631235 
0.233047683526228 
-1.53871783236743 
2.97412606133226 
3.36843658169956 
1.65768351627677 
-2.19751366238407 
-0.0705202875171749 
1.41391022132223 
0.692522527906237 
-1.23811542916062 
-0.74324148499741 
-0.874608740472795 
-1.11190825721761 
0.89809003187581 
-0.85398302187499 
0.70150729307261 
0.587357129798268 
1.1115338540338 
1.33043569134265 
-0.509824502868656 
-0.20198364792619 
-0.335284301838281 
-0.168005216961409 
-3.38823784259531 
-0.0633917138938958 
-1.22080475593829 
1.43909936431298 
1.88782089151469 
-1.40465033646407 
0.650661716438066 
1.96989245287688 
0.216069559655332 
0.814513750409475 
-0.183856917053546 
-0.543662618329158 
-1.78861786210596 
-1.54512385382322 
-0.732438127898309 
0.775397353524862 
0.921128605951498 
0.731132903119538 
1.50254966967875 
0.56419828643847 
-1.5114786785746 
-1.00601734006942 
0.051609275699256 
1.94873454824475 
-0.906429076995159 
2.0438531474053 
0.104799183355481 
3.99760002895917 
1.36814797033308 
-3.92217421686049 
0.611108790244575 
0.19373283590348 
-1.64411988174124 
-1.03343075114399 
2.73833430873369 
2.67279217805251 
-2.08482223384869 
1.62278874054762 
-0.454261121850399 
0.450046246226224 
0.760471894980354 
-2.04794448917823 
-3.01668706258825 
-3.60118582719299 
1.40622904031868 
1.65579127519034 
0.117057736461011 
-0.823469711653218 
2.70521807048153 
-1.0373076490106 
0.021196536345957 
1.83411414012359 
-0.421339576302332 
-1.48419070024417 
-0.714260786618342 
-1.20871084963107 
2.48180031762935 
-0.0784966435746449 
-0.787421847251027 
1.40968680507692 
0.0659240865459874 
-1.12107163901361 
2.79935768310461 
0.74015330372033 
2.5900242038857 
-1.18577497715289 
-1.56769127288614 
1.46227299235449 
-0.915999076551058 
0.108477805344688 
4.09034459704846 
1.7639844416916 
-0.109874171695826 
3.42579681161719 
-1.08412194045256 
1.60412388112978 
-0.806369913130043 
-0.127068219157879 
-0.525292763339349 
-1.65631856305181 
2.48110047849302 
-2.41867220350153 
0.0550170206601546 
-0.436505540467164 
-1.10929214837342 
-0.527809486528949 
-0.184630684123428 
-1.42965375917551 
0.206203877729068 
-0.243144149903826 
0.917727407826579 
0.511541287596177 
-2.54569062125591 
-1.38633157551614 
3.08544090363359 
2.16445128891952 
-0.821799032494253 
-0.313795106534996 
0.584701242479324 
-0.194674129447221 
-1.15425778636791 
0.0521035026385626 
-0.183001968065811 
-3.21250529898744 
1.37948717810008 
-1.06402141108594 
-1.1838576223019 
3.11028218680942 
-0.610029026709697 
0.965638011642687 
-0.0160956206482444 
1.05026112708862 
-3.8602178831928 
1.35852735140908 
1.22689549131989 
-1.81056199537938 
1.75004623436753 
-2.09895378888495 
1.38619363636231 
0.552245008993949 
2.48466585386018 
-3.40980229397709 
0.256501653160092 
-2.57666927093636 
0.315380615321562 
0.510565297303521 
-0.520222056696848 
-1.5592247563305 
1.17090873226544 
1.12551527724073 
-2.24767502988916 
-0.12158637255431 
-1.25426985938632 
-2.30831005411761 
0.64418095180446 
-0.98395200641206 
1.01005170715173 
0.934936196841352 
-1.1477984656032 
3.12698646042361 
-0.296458270690647 
-1.56095995958412 
-1.046034133192 
-0.237152592187103 
-1.08375982041104 
-1.77849188381222 
-1.47604838875382 
-1.2303067333886 
-1.45422966434019 
0.633054336145155 
-0.344397303260339 
-3.77573314714651 
-0.0767220974519186 
-0.453116254698479 
-1.54195627128824 
-1.89424453855852 
-0.770303721241103 
-0.710226227754728 
-0.0185709110899412 
-0.994342449360962 
0.606407645006193 
-2.83706257150464 
0.375783645115173 
0.848616304345307 
1.57981002021934 
-1.39117887633143 
0.328020208354352 
-1.31096013014424 
0.5266337560037 
1.31695496699849 
-3.27068656030869 
2.3480463719059 
0.600112291852955 
-0.191535758123824 
-2.98723264880257 
-0.109647811012281 
1.7339643667841 
-0.172283806329585 
-2.72083691945264 
0.192801879331659 
-2.84907914866282 
0.277081345747888 
0.695383801638489 
-0.935674452148438 
0.210351807770495 
-2.91932975894693 
-0.504726916455544 
0.959342903161954 
-0.811300172417301 
1.81765808155118 
-0.088644210216822 
1.23523053930426 
-2.90640447781678 
-3.43391883860534 
-0.419618468253426 
-0.0105306230033226 
-0.104298881150469 
-0.116842244413593 
-2.07512378351556 
-1.74352873007834 
1.38055965316983 
-2.86890453987815 
-1.12376208367473 
1.16451981547583 
-0.518558988723044 
2.92257720816596 
-0.61361792453679 
-1.35695942287973 
2.67178945899737 
-1.21534464626806 
-2.91021930867202 
0.484947285992045 
1.58965155506062 
-1.65697054685822 
-1.52735920494995 
-1.57790974612095 
-2.4164713839596 
-2.16845705142429 
-1.10735776332145 
-0.774122802282554 
-0.792696195759682 
-0.382757288083623 
1.16389953658966 
-0.771145011447903 
0.93939504907769 
0.605511076944871 
0.706693937743684 
0.344765413699097 
0.822123598244189 
0.752531436331593 
1.45906369184976 
0.514780514785855 
-0.558189131965861 
-0.334618586447886 
-0.772307416726097 
-1.24281437017795 
1.33464655028931 
1.0955534161139 
1.94123938898859 
-0.540609347056239 
-0.462204793025579 
-0.766252355767256 
0.786964622112921 
0.731473237794093 
-0.529076750474704 
1.87266180967316 
0.777208343530598 
0.339408137252469 
-0.246596628433738 
-1.38814215353697 
-1.50210358346278 
0.0252892122219345 
-1.75261190904028 
-1.0956156647694 
-0.53679214397084 
-2.62039652624468 
0.621499508586243 
-1.00659645996406 
-0.963998678689803 
-0.803781052663634 
-1.41677985773113 
0.805118423481907 
-1.93936465547091 
1.37155126001014 
0.303717388576335 
1.61833908705368 
0.402083250736235 
-0.435925316560264 
0.921532117093135 
1.95212440312466 
0.537596106166139 
1.50665583804774 
0.285499836981254 
-0.183571304929452 
-1.42067173313298 
1.36383985554128 
-0.638950086996491 
-0.930547903674461 
-0.515296184087646 
-0.987736965856373 
-0.323331031368689 
-0.936845958926984 
-0.525982436785928 
0.161697811821075 
-1.23753248264437 
-0.220651563647893 
1.67575279566232 
0.403097190057497 
0.966030014632691 
1.94577627343731 
-0.118242957231687 
-1.86347263613726 
-0.0768129501949995 
0.369652566642319 
-1.22248465243862 
-0.664407306512889 
1.86769658622028 
0.4314868716838 
-0.210882927591031 
2.99680566212401 
-2.44524660939752 
-1.29951420573507 
0.0489764685963265 
-0.0765626353234155 
-1.05617852790792 
0.162603783260781 
-2.32164433593175 
2.54344231713986 
0.379586117778014 
-1.75551117453697 
-0.354283137769942 
-0.679548842702672 
1.00085875625165 
1.55185834653993 
-1.38680128955227 
1.18753758281267 
-2.90200821679112 
0.207512057593871 
0.722501907366164 
2.48219573503237 
0.647926298176642 
0.320104133600397 
-1.80603172723025 
0.636204426778576 
0.948569397708578 
0.933838333929875 
-3.11458370660543 
0.0980018814809541 
-0.890628719521587 
-1.90861763088986 
1.41820308409441 
1.01607925886921 
0.650710727679071 
-0.229357236885362 
0.416798801829989 
-0.275643287596615 
1.05246678343405 
1.09223720598207 
1.98945376665262 
-2.5009502760896 
-0.980899274691875 
1.41544144896867 
-0.835576554049522 
0.93569362366108 
-0.619331053222817 
-1.94486254292997 
0.709952593596815 
-0.512341401921164 
-0.818686218776727 
0.866265060882428 
1.92402111335194 
0.270501133215619 
3.0857399079269 
0.934358403172512 
0.0740559882572955 
1.12617321474619 
1.75200759112028 
-0.170790818578671 
0.667404054523738 
0.500640497577856 
-0.293844852339156 
1.30643526836117 
-0.531879332921826 
-2.61842694466774 
0.881368479250731 
0.206333018251956 
-0.0186405552969022 
0.986475621646789 
1.44199151103792 
-0.300565927929701 
0.0226540829324789 
1.63006157625468 
-1.49282022209695 
1.81092752594137 
1.16477199243582 
0.823823509528382 
1.02301917815423 
-2.43245706770644 
1.30997169252229 
1.34823505331567 
0.885305237066988 
-1.50424542614741 
-2.53789975273637 
0.687060249101135 
-0.420007099786533 
0.953175010493993 
-1.04635404451755 
-0.252437614750991 
1.40077770388762 
-1.53797875353827 
1.24637239776246 
2.13617052632627 
-1.55873138471722 
1.93670122597924 
-2.09976839651658 
-0.19800801206162 
-2.71162713663214 
-0.249602930418863 
-0.191649611434472 
-2.17239210971264 
-0.299536289257197 
-1.66750138934903 
1.85715731745338 
-1.52857027295744 
2.39618294384647 
0.657653955396855 
0.866712066342288 
2.42446522644353 
2.01516103537433 
-0.220159768145139 
-0.436775225418274 
-3.14430176419494 
-1.60426162261978 
0.985480923029417 
0.985200923494082 
1.8240802972357 
0.727324152660303 
-0.509674013546768 
-0.334097485041934 
1.49908212680304 
2.64490212000283 
1.53930714735262 
1.5129772012973 
-0.0464063780947475 
-1.84789949309706 
0.906215702187964 
0.177466235864416 
-1.57452660190126 
-1.90913628275745 
-0.974239296663248 
-1.04548776114765 
-2.15416793639535 
-1.36046167932675 
-3.02342604187519 
2.30403890306741 
-0.959477250274728 
3.36450453648871 
2.5273104787932 
1.31015108712143 
1.37902636290493 
-0.128075326745294 
-2.27889017260321 
-0.995713815468791 
-1.70528625911664 
1.55465012161916 
1.91748188979773 
-0.778930402861235 
-0.966035459874856 
0.447775985784348 
1.2554953621812 
0.627900434313429 
0.987960315831168 
0.747076699490936 
-1.36674460934697 
-0.0951117106776791 
-0.706838072326492 
-1.85455506205471 
3.28209872205643 
0.426456100483965 
-0.00626118092557354 
1.97158216597829 
0.94380210971646 
0.72227673984405 
-0.843471338319669 
-1.06634967188165 
-0.191406985752646 
2.34324009930888 
1.676845486444 
2.67383924879038 
-1.20874066954657 
-0.339288058382599 
-0.794946284294354 
0.0336896566119028 
0.894413913788847 
-0.628161300924041 
-0.772437999592273 
0.271447959738704 
-1.24304184362781 
-0.327287322690031 
-1.4068241218877 
1.10181490279349 
0.238566368095804 
-0.0969988301582991 
0.118524613973722 
1.26275851288127 
-0.520894952289265 
-1.0562674516387 
-0.521794247001469 
-2.17823089754772 
-0.336169141937599 
2.27724807861516 
0.216842614207537 
0.421710688034352 
1.74031890000959 
-0.881184184735186 
-1.39498786850986 
-1.15763806512927 
-1.71191841011257 
0.274645014405071 
-0.967832628448288 
0.247294870309985 
-0.0106158604894393 
0.696978817998097 
-0.320252027171293 
0.935740301839761 
-0.274745999141914 
-0.213257112480075 
0.319332662870408 
0.0967775785611068 
0.682056673676629 
1.14761115848021 
1.69417562681526 
0.53727453339055 
0.399371148493512 
1.52468827451058 
0.55038520619128 
-0.474742646152975 
-1.861510518499 
-0.22805494150706 
0.836134822489672 
0.920845751509717 
1.41554889254197 
-1.01565800340575 
1.67974180907805 
1.39112203336219 
-1.05260132513956 
-1.39917512620242 
0.648196109742768 
-0.580168900575046 
1.47873255324691 
-1.30342887021739 
-0.185382328364011 
1.57667344939035 
0.200252725951912 
1.94558832740082 
0.332037893554551 
-1.59951399127635 
0.706486704120389 
-1.75400970534312 
-2.04118419127111 
-1.23648193149472 
0.967440628575964 
-1.35753181498916 
-2.36442562021798 
0.2466678461848 
0.535032075202106 
1.02239979929383 
1.83272788942525 
-0.963378716947968 
0.789034431845384 
-1.38681481210192 
0.582246449682126 
1.83909180826292 
-0.54981108133042 
0.418860403945945 
-1.14620266847618 
-1.02623910455399 
-0.422205332501885 
-0.997767341318731 
1.25354778544925 
2.58898644746566 
3.82185655057544 
-2.03814877113631 
0.749410527089733 
-0.371237308129957 
0.244044904355862 
-1.51401562862895 
-2.47099132672326 
-1.81165229957352 
1.5811143073634 
0.180196831910692 
0.560529583197481 
-1.06088996044232 
0.995634809238287 
0.162017858098715 
-1.05439423447392 
2.47992658677089 
0.532349508322007 
-1.32678885150653 
4.07267288855255 
-1.17330732179257 
3.31026481163241 
-0.303651776361306 
-2.02195308034663 
0.648789515355438 
0.397034394018239 
0.509263226891615 
1.02322132802453 
0.327661671348867 
0.493038014630595 
0.264891016477534 
0.0938054194434325 
0.202016202752399 
1.39110894297185 
1.02365486673299 
-0.129367566651443 
1.3988720314309 
1.86916301065943 
1.40081972795479 
0.953473000974318 
1.12580757833062 
-0.0231306933696221 
1.55159770684618 
-1.43286819725439 
0.501360056582834 
0.903434852195094 
-1.00927387656615 
-0.569195740395368 
-1.44926610531235 
0.61002748229464 
2.02939970980446 
-1.10468642503128 
-1.83202928542975 
-0.641171276507543 
1.23428416537721 
1.66464050148774 
0.603730861143106 
-0.334248752372114 
1.52684303294241 
0.682043368827422 
1.2185114936597 
-1.6365063498912 
-0.904036186646726 
1.9279007538568 
0.156969523085843 
-0.284526769730781 
0.502536196427253 
0.356938449942595 
0.518915704030749 
0.150328074617011 
0.194464079048881 
-1.05246344315142 
-1.61090508102358 
-1.35675057297758 
-1.69611982337755 
-1.51571013739158 
1.93958007592797 
2.43293115056788 
2.07460007346508 
1.05069949077095 
3.81099882212808 
-0.147813067648446 
-1.21733363005299 
0.0767200109829687 
2.63091302492461 
-0.119224471881822 
0.840948714820401 
-1.16681014634709 
-0.325313891475557 
-0.407161923847561 
1.76859477077435 
-0.236405111803606 
-1.70369901704399 
0.261652313640089 
-1.73151703597255 
-1.84468385824635 
0.205790097050375 
-1.97349811778126 
0.249528122293023 
-1.5821580664575 
2.02950584774572 
-1.18923190963704 
0.823468345787379 
0.640297742325225 
-0.052552720681591 
-2.38516004897953 
1.37048848963235 
0.636539798050242 
2.11411005683446 
-1.24319345117711 
0.336433816903372 
-0.069815837948958 
0.0531065737519475 
0.675206280692976 
0.162653258763394 
0.21573099709397 
-0.623372021458057 
0.851419639888336 
-1.55911231442031 
2.07148019212087 
3.1252046798476 
0.409375781521394 
0.110883189923185 
2.19332547733294 
0.668958685347679 
-0.123242229753865 
-1.11166063766652 
1.08240331901957 
1.60495354455591 
-0.7986865854451 
1.56309553517858 
0.527272538911909 
0.445784997167508 
-1.74358864724532 
0.474502947556428 
1.6905082867933 
-0.880910713832783 
-0.714440621667505 
-0.826919322064549 
-0.541167993172801 
2.45900746257214 
-1.26543307245626 
0.15160475083074 
-1.70023824609218 
0.298670261960548 
-1.08469260514624 
-0.198223610158639 
2.56273170388089 
-2.53433707720081 
-1.74351857038064 
0.272644912514236 
-0.30358232133135 
-0.924024779186128 
0.285913099252623 
-0.214260211787181 
-1.0466580690923 
-1.07343662158103 