-0.47520307554034 
2.15407449519528 
1.21552737340307 
0.22591730145732 
0.999636654001836 
-1.19121915720636 
-2.88611100379822 
-2.30105331458229 
-2.6049727079442 
-0.209019862393985 
0.330074832573657 
-2.23721421904659 
-1.09214513528412 
0.0140525702717669 
-0.490751231421067 
0.300029060575887 
0.429306698762961 
-1.75467410427289 
0.0158040787296865 
-0.799246646897399 
0.680352435028603 
-0.0915648162622015 
0.686567077852429 
1.52259921013342 
-0.271654838412447 
0.0423197054284161 
-1.02156901685176 
-1.20296688024873 
-1.93789365293941 
-1.69053456578356 
-1.51303400324329 
-0.176329940523426 
0.614283851373005 
1.4391983981377 
-0.286082664659403 
0.0676649494050332 
-0.646120510288558 
-2.61256152731669 
-1.73275755555807 
-2.31572416759139 
0.400828515122192 
-2.80503984195966 
-3.63354601952482 
1.43830290283817 
0.49207013837548 
1.16338669392737 
0.82888445182342 
-0.513295914571776 
-0.963482667820905 
0.0904930146941693 
0.981635399295903 
1.46517954749393 
-1.20102329719945 
-0.257523004733911 
-0.915010192709876 
-1.77502036229401 
-1.15466656341727 
-0.296171836621723 
-2.04249755965985 
0.0890400865256427 
3.54763321858573 
1.6001112137104 
-0.30350326201935 
-0.267846257445591 
1.43952920911253 
-0.773507782332655 
-0.419866086075914 
-0.951661790536482 
2.36915354652346 
0.286233004558728 
0.852560082365891 
0.992293623454165 
-0.972542809069026 
-0.832178668741574 
-1.09750411064512 
-0.764995850094553 
-2.22950737844404 
-0.682908014659853 
1.94676259071163 
-1.25783528009402 
-0.950352075834435 
0.530560712322899 
-0.749971535176123 
-0.615027384211224 
1.30433387012835 
1.20298833630221 
-2.0183178410712 
-0.533984904173231 
-0.0793975684893154 
1.46330846427344 
-3.18685160126302 
-0.622486580134237 
-0.148719410839316 
-1.51008209191492 
-0.574135413284569 
1.14285110915991 
-1.56567951243708 
-0.606086492243787 
0.922569591483846 
3.3558835189015 
-0.019080389062756 
1.39556993591875 
2.28253630661251 
-2.12251539562952 
-1.51217845210646 
0.865675770150435 
-3.3075495776869 
-0.0932513087024359 
1.41290901496374 
-2.83866223253093 
2.83719803716235 
-1.19777255867463 
-2.57103189874803 
-0.168592790649328 
0.690771442111431 
-2.17837817254552 
-1.46265224299858 
-0.748386703080681 
1.42260307783179 
0.252253166627858 
0.899020918452396 
0.705163092638246 
-0.684631793608627 
0.861736320863894 
0.329347383427969 
-0.310715740254535 
-0.53524527803461 
-0.864953675893262 
-0.492250994543479 
-0.283904513246807 
0.17424223750808 
-0.302192538508516 
-1.80846087817189 
-1.11940129530428 
0.620831699492466 
-0.221387000659068 
-0.0200061233469922 
0.543440767262126 
-0.594130994401433 
1.42691817587425 
-1.74074067819971 
-0.392124565241022 
-2.0459361328826 
1.52237522768646 
0.639788714003318 
-1.31977417214079 
-1.24163351748326 
-2.29183399096605 
-1.27597225072496 
-0.956364339333371 
0.0497017157354054 
-1.21880716866593 
-1.01818901866481 
0.31821013915214 
-2.96845960486975 
-1.09880030341192 
1.01360843285751 
0.762489487758507 
-1.96543314077162 
1.97191559129977 
0.881388542063116 
-0.0360449425031291 
-1.61576302526166 
0.906265990125848 
1.80420582570928 
0.012142821051485 
0.649361928733666 
0.312803167450508 
-1.74323645302104 
0.728088665090817 
4.33630508644899 
0.696616563822411 
-1.57259146494546 
-0.981992128242662 
0.553253059622132 
0.228546579046283 
-1.04873018779577 
0.779587805957286 
0.711841283947045 
1.55325604334804 
1.71469000910962 
1.24295919684265 
-0.84592940329815 
-0.287527984161292 
-1.24040117375559 
-0.380576065966102 
0.722726056674618 
0.600132280296878 
-0.960909178929775 
0.0407396068965725 
0.0361313283520887 
0.383687188930762 
-0.147692558730789 
0.052758288638876 
0.050191376805814 
1.1562782559815 
-2.56480338831453 
1.32169829298738 
1.76633301061526 
3.16878929418317 
-1.24282346214651 
0.713851010216608 
1.60395320349851 
0.915211387988681 
-0.627929517591945 
1.06664657694705 
-0.475533754173349 
0.443579145792093 
3.04295799310971 
-0.000921260800716195 
2.29259146662197 
-1.15910785558605 
-0.351061574993517 
-2.1465911094647 
1.75884041288746 
0.54304257311678 
-0.076603133473953 
2.35857155284976 
-2.37066079747903 
0.371448006790547 
2.45724728619521 
-0.0418307449121772 
-0.911882278509476 
0.765412078081461 
-0.760224464051318 
-0.996509813037916 
0.0208997356725658 
-0.336975576290199 
0.180460956721282 
1.46848821408454 
1.510863634635 
-0.0277447199415716 
0.526551678807492 
-0.384531861717158 
-1.42761710887165 
-1.82197162704216 
-1.68924207469631 
1.23920151335463 
0.81800822062404 
-2.13630344362025 
-0.810371091941532 
-2.8615267427127 
0.77281220887247 
-0.680643217404384 
1.14088575327898 
-0.742454196564154 
0.841391720566179 
1.00665532779806 
0.241327463718549 
-1.9047376651789 
-0.839518437292686 
-1.69528452067379 
2.6589273524482 
-1.50232832770709 
-0.0798323119749166 
-0.418075097393301 
0.98949870695257 
0.0628886882619972 
-1.08102152046909 
0.189169010450289 
-1.05754306488993 
-1.14859101237506 
0.906498866433474 
1.36335507324153 
0.772256525994915 
-2.57000340126953 
0.743754113657381 
0.285694734507127 
-2.58321428925052 
-0.4184279689958 
0.484002910965797 
1.07426640170778 
-1.01614336456914 
0.231994620522548 
-1.22865207231617 
0.242965223112153 
0.00135016287976308 
0.930727178147674 
-0.65578893027643 
-1.06626242460717 
-2.1696737507834 
-1.26689761766011 
0.965165176092067 
1.00045984828101 
1.40852585060373 
-0.157367977990706 
-0.938124747162864 
-2.29577083086385 
-0.361615955241582 
0.849595681896291 
-0.901391625850678 
-1.77430728212923 
-1.59805684594567 
-0.736300194383448 
0.274144342515868 
2.39814082267822 
-0.0947286714638182 
-0.0965611201816505 
0.410697143458346 
-2.70207110599368 
0.218118670695108 
0.908749068376104 
1.3919716055357 
0.00473776458413244 
-1.05180768360394 
-4.34045961579603 
-1.8060899933325 
-2.21019467621901 
-0.130684863661783 
0.553084533896407 
-0.910507404684133 
0.0186468063053409 
1.42737066950982 
-1.20848611293025 
0.705064533062531 
-1.64456197298831 
-0.20901201020266 
-1.75693405554086 
0.0357255517241106 
0.0635265904335044 
-4.00141525615549 
1.20917756033838 
-1.30739180716003 
-0.712579062343487 
1.82127143629513 
-0.0807790600708082 
-1.39355519097815 
0.457643613953116 
-1.03883541047866 
-0.453709563429605 
1.48798355915431 
0.131656523630077 
-0.470834060884092 
2.26951469765869 
0.734430878916821 
0.518559501441735 
-0.478866050348498 
1.38133141733003 
0.758005094616987 
2.8693793963445 
-1.63513110106939 
-2.03377418187225 
-0.360756491598565 
-0.407263290153603 
-0.939578420377879 
0.821040055732732 
1.95267226942742 
0.0662107463823939 
0.186154196136435 
-0.581003344261851 
1.38658920176918 
2.0012027369654 
0.0848196401141162 
2.05892785621516 
0.7409742421228 
1.12562057621742 
-1.01065531605648 
-1.32424458681523 
0.0658605325363407 
-2.5559214533843 
0.0307224071523415 
1.51665134654403 
-2.10182141949235 
-1.86468832205342 
2.05744657013177 
-1.02737306848562 
-0.831629813423422 
1.43912021547937 
0.682474599567381 
1.4575646889885 
-1.42715443866741 
-1.36158553721437 
-1.59621520444362 
0.330674995243704 
-0.940148278963211 
0.296394276802696 
1.41268755981035 
0.530885759959553 
1.29000077746176 
0.565305208841374 
1.71333108313867 
1.35883690531841 
-0.770443905148476 
1.63070992388507 
0.642393967885241 
1.56378294549029 
1.20098969846692 
0.719041577664381 
3.17901302735115 
0.688451678827934 
-0.616909619678432 
-0.386189328972032 
-1.2162799565083 
0.19298952838146 
1.3776157523264 
0.0358908453821616 
-2.14758147060698 
0.539889936819916 
-0.652821786061765 
1.23063424910935 
-2.71841762447571 
1.08533029995147 
-0.969120187102774 
2.48138732327622 
-2.75639396468744 
-1.1599078491175 
0.628105781400778 
0.0555632335670448 
-0.365438523948208 
2.89608896677321 
1.22838933272332 
1.77403903376482 
0.393790198398737 
0.0302313204834829 
-0.0150474688189868 
-0.992509768874296 
-2.28191982653052 
0.679157827845705 
-0.294096684852024 
0.267159988864799 
0.576869764992018 
-0.478981027307748 
0.34124935469097 
2.26725901437146 
-0.638118679111754 
0.906092276544177 
1.89786295996929 
-1.02675102552893 
0.865231225587286 
-1.36742157252086 
-0.218876952575991 
0.312737563628506 
0.128874297264122 
0.323072872151279 
3.24021511763354 
0.876606285524688 
1.70853721869126 
2.01609216555593 
-0.225401369746906 
-0.771372856226014 
-1.56011762413518 
0.491507610980576 
-1.11128971537613 
-1.5592712770556 
-0.957069966114323 
2.05193941373475 
0.126563931791601 
2.04410831851942 
-2.75372832764962 
-2.35256607226596 
2.10963434692514 
-0.39784412140533 
0.167328726303245 
0.0971874570994011 
-0.795136511098774 
0.331250817349054 
-2.11910952435433 
-0.0813870042675186 
-0.787604766752585 
0.925253735998961 
-1.66452060952928 
-0.657769166563754 
0.956922832322322 
-1.12330254033118 
1.54989895722366 
-0.0144121355314352 
-2.21424387434965 
-1.08546268389817 
-1.82828651491716 
0.948285684374558 
1.35723451820837 
0.242702525734831 
-1.26049592862547 
0.792928124099289 
-0.364779691315046 
-0.907604264341812 
0.510523712709905 
0.238272714374558 
-2.30690341346151 
-0.106571245802662 
0.449230692486192 
-3.35741156969718 
-0.319318858675583 
0.154624185198507 
-1.23499367370592 
1.63411177947982 
0.341583472050523 
1.37271827588592 
1.44768055817001 
-0.223724034513158 
-1.04415347856448 
-2.26805222488633 
0.71753757649444 
-0.146562329617886 
-0.436964562290269 
0.217260757473088 
1.33268744888871 
-1.31227916718957 
-1.75051608945185 
0.160467895847626 
3.35436390172134 
-0.498075168794094 
1.05439718149003 
0.092950197726268 
-0.403361691596391 
-1.93875741829326 
5.34954791066366 
1.49652668006587 
0.974637840589125 
-3.37739768748289 
0.125016204045008 
-2.72889174502124 
0.478497626361291 
0.829830450243919 
-1.10694954566261 
1.7816176850126 
1.33532364820118 
-1.86674598988162 
-0.43539540982078 
1.83176298573141 
0.854263809380433 
-1.65247552072675 
1.5580733388412 
1.49485397776881 
1.7694547529755 
1.0564054848198 
1.12322656294989 
0.847066774330419 
1.08333432110164 
2.01773100919214 
2.6273763457069 
2.13393322993689 
1.3042816484543 
0.513994836247083 
0.5875819246533 
-1.10104157752195 
-0.598837184228615 
-2.15896342660848 
-1.47460366557911 
-1.39373380416676 
-0.731639317340649 
1.07451352482297 
-0.505678973400187 
-0.228440103624305 
-0.419195475405318 
0.65160877529905 
-1.68816292723171 
1.14103940105159 
-1.96491227228833 
0.25886774048617 
0.142089102440263 
-1.00992005567597 
-0.0351768503094525 
-1.42799167583133 
0.592357810949976 
0.932774324073411 
2.36801865667794 
0.0414224348006511 
-1.64861762939351 
0.924403583943211 
1.81259894092812 
-0.0896152131038704 
-1.86299728746686 
0.453685182648939 
-1.21295155255267 
-1.78326989938305 
1.39484450754351 
-0.209554713303114 
0.798956462875608 
1.28394072360267 
3.49402461762778 
0.149350501955909 
2.03310574406436 
0.908581717971391 
1.72539477207872 
0.22233093709016 
2.51939215696412 
-0.296631338640299 
1.52945943276543 
-2.93312894089752 
-0.628419209993013 
-1.54727598252688 
-1.59894936905602 
0.456235221309221 
-2.70477033215637 
0.260241374434301 
0.434333567291046 
0.415607959530933 
0.489069412122407 
-0.406015481915667 
-0.582125466172431 
-0.578758443073404 
-0.192244166247908 
0.394545869245725 
-0.778812306159759 
0.680891491061106 
-0.958026411345602 
-2.17167708072542 
1.28148225415508 
-1.09260341917868 
0.376875472813046 
0.88589487837855 
0.659988016107308 
-0.891986643969013 
0.908129989794256 
0.103515858163916 
-0.92864945142023 
0.0857452427085894 
1.59048469820843 
1.5842425275047 
1.01494128570807 
-1.3123631295435 
-1.04376472980212 
0.346029390173786 
-0.426720017343829 
-0.535449982727288 
-1.18202798455257 
0.00939813863447532 
0.814797619841112 
0.861378717289297 
1.83935561194294 
-1.65975372214902 
0.32295846273742 
1.25379231249545 
-1.87154026225401 
2.47267808174779 
-0.187059087675423 
-0.0390017008523708 
2.74303441840164 
0.019418920284267 
-0.339870717462778 
1.21578667344274 
0.12385270428322 
-0.26971552825581 
0.512047818288911 
-0.34042818696004 
-0.551755061017993 
2.50929509002425 
-4.12106086945124 
-1.08193716267342 
-0.862607909691684 
0.851536312906174 
1.01095152854429 
0.0687652621395503 
0.635470542230923 
-1.05879217223675 
0.0451663160230298 
0.136010402399968 
0.257931922929981 
-1.03864005446673 
-1.3306255214889 
-1.42228969729082 
-0.334271030826991 
1.31934020123913 
-0.190858874717384 
-0.696022409912671 
-1.14151813396443 
0.339909508336805 
-0.983534328461851 
-1.01944831771708 
1.53532442909221 
-0.923333920835043 
0.800448446340535 
-0.850665414750087 
1.11567100570194 
0.441501936207772 
0.402034888446363 
-1.23643853078678 
-0.0886321857344455 
-1.02688790303299 
-0.889295095677307 
-1.09192501263465 
0.112848151826892 
1.04791699575254 
1.10819464624365 
0.146423840980863 
0.795423886729947 
0.3321131543818 
0.277751320080482 
0.595488571246925 
-0.0975411704170331 
0.456863022634232 
0.319488868560272 
-0.994526414702715 
-2.00373315609093 
0.43880267279989 
0.0653810862453915 
-0.614884213395493 
0.685209796425174 
0.728701698408531 
0.00949226443220552 
-0.961530878149768 
-0.172379223837471 
0.849334141798164 
0.92048127141237 
-1.78970840452336 
1.94523251849606 
-0.882460314858706 
-0.46771437232954 
-0.0624222392573821 
0.868162078315388 
0.687117235714741 
-1.19737760762955 
1.29373653133673 
2.98819307240534 
-0.540909341036353 
-2.85194846925512 
-3.07476431663863 
-1.49846816117105 
3.09908551777746 
0.0438825676692891 
3.72300585236537 
1.17324976871887 
-0.721205307886129 
0.39847045483296 
2.04444486729144 
0.276069192837826 
-0.896283529859216 
-0.199589014664774 
0.566769280480957 
-2.28073790425258 
1.05008506972825 
-0.84127934996797 
-1.39133287375461 
0.0429179255639491 
1.7477246659902 
1.14851838098373 
-0.358062088603133 
1.81861033720974 
-4.05612442845451 
3.34564592984049 
-2.47758887039815 
3.16762903760112 
0.649194390231501 
-0.0743620547549628 
-0.588755060946393 
1.03869591886949 
-0.800812982299006 
0.000595151955044615 
-2.74327611920472 
-0.767605840484943 
0.673428865816512 
-1.61532573080142 
1.77133130182317 
-0.750048971480352 
-1.65919666540409 
0.0688308837833674 
-0.331646494262218 
0.146899391697735 
-1.45544626768995 
0.0397155302511298 
-0.314336575886929 
-2.65139638459082 
-2.23065769901558 
1.39903831783901 
1.04662307345479 
0.447436156496488 
-1.64359804045514 
-1.14617648214078 
1.6629697158756 
1.38059308555539 
-0.536517860111454 
0.429465404579061 
1.8893364284234 
-0.413080357590117 
-1.44520265376898 
-0.916070900623317 
1.26859040768622 
0.290466702560508 
0.363114229339467 
-0.347765092511268 
0.238396993058931 
-1.92928217663506 
-0.374683696917958 
-0.662411866828212 
-1.92284695584968 
-3.55134530838081 
0.772257629966791 
1.00301062542443 
-2.36325022565796 
1.81060180360071 
1.78736281769429 
-0.483032200532804 
0.479597762915105 
-0.712503882117778 
-0.889366471182456 
0.592947028301483 
1.0366029418607 
-0.0394242117524987 
1.55334121602837 
0.876305397092644 
1.76829859241379 
-1.2448479943183 
1.28472992022558 
-0.990014129982994 
-2.31692008649927 
-0.197884838584034 
-0.275876226210245 
-1.59665417609614 
0.058209367943268 
-2.29433985798305 
0.680942818741912 
2.79571653512873 
0.863355366165745 
-0.203143034192575 
1.13936890414127 
0.636632074085393 
-1.79179188758754 
1.76786929045379 
0.888037603805807 
-2.1731906567524 
1.0263553429884 
-1.96377133399797 
0.700695315177755 
1.15018148767376 
0.847510903628297 
-1.53260835114121 
-2.66814636713891 
0.0227752451126235 
-0.472880286211817 
-3.18107331227726 
0.200219498857468 
1.9732865632384 
1.01577696945102 
-0.246727495781934 
-0.537815196933456 
2.16429409235274 
1.56856888554359 
-1.03067392282024 
-0.728013206185312 
-0.262806832245535 
-1.68025648831062 
0.528298968064232 
0.824360395479401 
-1.38262562097986 
0.195864359004083 
1.94466197787936 
-0.116449395253317 
-1.24291237302093 
1.75420532432196 
-0.726856089210603 
-0.816460518837184 
0.990812847540625 
-1.42271217510239 
-1.55219369898027 
-0.730457829259807 
-0.494956482272944 
-2.32855410306509 
-3.36727981914233 
2.01042787263278 
-2.1274342153099 
0.559660347422063 
1.11789661372258 
0.344394540359162 
-0.253542512675309 
-1.54696906426311 
-0.693117749009745 
0.388396230575403 
0.67701658038355 
-0.430756533602535 
-0.201587571651975 
-0.275821027183225 
-2.30634569173719 
0.107786865274295 
-0.684730340599178 
-1.53710478823832 
-1.61858504167398 
0.0246825443241 
-0.524546352488011 
0.479496254770763 
3.71072511550694 
0.276002040654362 
0.0832061332610698 
0.333501363891444 
2.20131596014117 
-0.641165338064088 
-0.1924737943119 
1.88186790636209 
-0.0844300784621091 
-0.674571941741785 
-0.619227205522353 
0.925726486937335 
1.70753108652938 
-1.30067904799555 
-0.296624323913799 
0.209925542198785 
0.353221997465282 
0.0829033983322791 
0.423844189055445 
-0.535678326991723 
1.40455765458059 
-0.741028927547406 
-1.11412250076957 
-3.24960085909184 
-0.312152239828578 
-1.306065232626 
-0.0495968181148915 
1.94357685370142 
-0.712140797428947 
0.433211201082084 
0.79444276861864 
-0.523650045752381 
1.16215305129077 
-1.9150255569829 
-2.96617700779712 
1.60607766716985 
-0.960115230996812 
-0.69619186361751 
0.020173982552978 
-2.0883751490908 
0.468681992529743 
-2.5476800009919 
-2.939712340968 
-0.965809196264829 
0.270983905920014 
-0.736415379138767 
1.1177204614811 
-2.00919822269498 
1.6399753954724 
0.78581077858611 
-0.341087920623957 
-0.675702679740062 
1.19199873030899 
0.0501580423866562 
-1.08341761826954 
3.22039652744665 
-0.864446443224626 
-0.776175836915423 
1.16517252319581 
-0.171057113076347 
0.182419721393368 
-2.27130383818312 
-3.84442398820526 
-0.399154055643963 
0.0788752623502174 
-0.380524124519059 
-0.563633527599877 
-1.44173562154359 
-0.764797240400771 
0.15963031632666 
-1.65286758277814 
-0.49121497104599 
0.588307484223094 
0.907319096949287 
-0.657476060772461 
0.695692380898616 
-0.192560540705753 
-1.51414941987994 
1.64232489195584 
-0.306731795656622 
-0.817561137763057 
-2.33361257091074 
-1.99158641830724 
0.933505152311986 
-2.61420799778879 
-0.443126371518593 
-2.83108202541902 
0.748202312757966 
0.393011253119433 
1.43634357165815 
1.1707913743368 
0.240635844647351 
-1.62091966019253 
0.629513016040077 
2.29277036809282 
0.423282165759651 
-2.13568767312716 
-0.484490428605235 
1.49007290155021 
1.02165658934551 
0.388020212394276 
-0.889502991030887 
1.97009625142042 
-1.13415788959236 
0.222648896506684 
-3.6212760666354 
1.311967520575 
-0.504812452347052 
-0.48220364467693 
-0.393199369376096 
0.247909964137206 
1.42762383046216 
0.074177528909088 
-0.341948819886919 
1.37030562663615 
-0.0664361101682218 
-1.4589588882043 
0.462833740586257 
0.856092616397204 
-2.1868884698682 
-1.36156178132947 
-2.6376025240542 
-0.955746083631319 
2.01980253551759 
0.971745163865039 
0.303336279204206 
0.608173334518841 
-0.876558595035855 
-1.3075775223016 
0.392853025023311