1.32319412689895 
0.589879483398291 
2.23256600084248 
0.292165061455595 
0.828180711297983 
1.62401786506914 
-0.637795536452836 
1.27704218873618 
-2.64882339865089 
-1.29212307397839 
1.04796077367017 
-0.609622347481769 
-1.05635786621356 
-0.242097795259606 
-0.286026408134961 
0.615004581278818 
-0.367365622275597 
-0.178648996225458 
0.760901156750765 
0.225696165649895 
-0.938970991254359 
-1.80650660378655 
2.00080455290423 
0.549084262215286 
-1.50592938876465 
-2.09816977556119 
-2.1341163369574 
1.51632668117663 
1.23771753118454 
0.0126424552315147 
0.290355431445743 
-3.3841200559901 
0.31902274369531 
0.431139849996393 
-2.34556299229563 
-0.804486640157008 
1.63829994198068 
1.98023443910719 
1.74397120886547 
2.67521866360672 
1.41321566980143 
-1.29694107559881 
-0.422861683267331 
-0.766466820678927 
-0.644896336254404 
-0.114534358511959 
-1.64337274965813 
-2.80580367855849 
-0.342405754040375 
0.875798732175167 
1.15589293534818 
1.15538657285775 
-1.09225076588226 
-0.0840287885405414 
0.647924397370147 
0.611213408886825 
0.266740428945733 
0.935886906269928 
-1.87415442763998 
-0.314693490477196 
-0.00103048191847332 
0.661067703886811 
-0.861677125620839 
0.475242960996386 
-1.4532433942066 
-1.83769979835953 
1.91212705196604 
1.86010619308643 
-0.250825677868077 
0.968692432334266 
0.649461085863104 
-0.494794204842455 
-0.803279150275085 
0.631474637961437 
1.57451541623751 
2.21303776673865 
0.654043669670942 
-0.200160515388531 
-0.363491959191768 
-1.34802146203389 
0.658766171223026 
-1.44107903353915 
0.591884560285616 
2.21145111698292 
1.69688882517146 
-0.929107315876315 
-1.40039706121202 
0.0846639522142794 
-1.24923486840014 
1.39607687963448 
0.777435837414106 
1.28309687573138 
-0.34683661497598 
2.62825186895554 
1.69277226933134 
-0.129418791850915 
1.47733341068683 
-1.13559612609055 
-0.0582122557075153 
0.463790255523475 
0.378248618380426 
1.81694296413886 
-1.43945643066733 
-1.26690922086961 
1.41039777707421 
-0.596669075872261 
0.776159007993309 
2.20387251008742 
0.811494052389691 
-1.04964820081164 
-0.888766126830189 
1.30770501332739 
0.570242855835562 
0.467729868904559 
-2.59952404043736 
0.669961204474136 
0.154602095772858 
-1.1654585384173 
1.26502828759335 
0.653061158753088 
-0.135666358085119 
0.865003806741844 
-2.12552563618518 
0.505956148466352 
2.79878741881755 
-0.733538140296127 
0.10186189334609 
0.956626055830009 
-1.41878147779081 
1.19413799600985 
-0.395696361990632 
-0.32501760251207 
-1.03090371169756 
0.0916117138470928 
-0.820913982777548 
-0.474810030695324 
-0.160882807965646 
-0.576084787075955 
0.401575427258586 
1.01929477945984 
0.720733968262174 
-1.37854711550411 
2.61151071299394 
2.05324069475108 
-0.905979739611006 
-0.00616941394141268 
1.57953402055201 
0.951618962674777 
-0.291434034075187 
0.685593844237775 
0.607287205580642 
-0.971527832848202 
-1.58537385198981 
0.99250887854452 
-2.87737509007801 
-0.299426024081187 
-0.979189200809184 
1.34656635963764 
0.182328531053434 
-0.418675513311695 
0.60035157419542 
-3.17522769701484 
-0.364136777621142 
-1.88224030135871 
-0.735067220953308 
-1.99575740895788 
0.0940923276086461 
-0.35837315367743 
-1.12289230474486 
-0.02144195225389 
0.171974704007592 
-2.34599915617459 
0.331367607189211 
1.93638060580678 
-0.341505562917874 
-0.850430127504141 
-1.79154076604069 
1.46192310888088 
-1.63787767763018 
0.559752630306289 
2.06069116569211 
0.0414106603867115 
3.89274865357501 
-2.91939645353756 
2.13552662820966 
3.02918433795524 
-0.991860585272279 
-1.50990804107017 
0.379130064525968 
-1.0403195851283 
-0.534533807874312 
0.781668925195735 
0.901862100629995 
0.194706290704602 
-1.43910056552194 
1.60610490928975 
-1.78930728023288 
0.368414553690623 
1.54778119619445 
-2.22468684905673 
0.147417356162818 
0.363868490440516 
-0.776906601542955 
1.18112113151574 
-0.290878245869808 
-0.561323318696898 
0.0400087303723866 
0.33543798857397 
-0.924851526437063 
1.25288455998617 
1.13646240371123 
-1.81970576427971 
0.941343138628955 
1.32693746837787 
-1.59570590643616 
-0.81374438037552 
0.706991602805825 
0.391096427785627 
-1.0526617694905 
-0.56962091750272 
0.102098116401332 
-0.132264983985951 
-0.677111760557702 
1.39631125356966 
0.150281569837895 
-1.18585559430978 
1.69762554140161 
0.348200203552889 
-0.68712368304203 
-0.0388544990470756 
-1.47331862971526 
-0.119059779216218 
0.975312410442392 
-3.40411340135528 
-1.33683069665181 
0.683140266672496 
0.611588711836364 
2.94200673885863 
-1.24770227442484 
-0.0285736051735064 
0.0375751876800869 
0.048544169091168 
1.71637244737838 
0.0720281342303908 
-2.98570971327143 
0.313404016708286 
-0.913360212276706 
-0.539122217009472 
2.16253731504245 
-0.739396682930762 
1.36012471688295 
-1.96065240060671 
1.7813942734811 
-0.396871806001735 
-0.819781089334265 
-0.561751122890387 
0.809838904249043 
1.90250738045503 
0.842093370135342 
-0.434606982298231 
-0.292863635334622 
-4.61001944362598 
-3.71271130400823 
-4.39721676026979 
-1.76397456079447 
-2.20518263087452 
-2.74596233691759 
-0.558883563663229 
0.0495202478586254 
0.679262624928728 
0.21199057694011 
0.717795249254466 
-1.82560720711272 
-2.00138580750937 
-0.742309539517227 
2.49904289685073 
-1.0358858548551 
0.767844390436732 
0.0631889355257405 
0.165296952830288 
0.739619476884385 
-0.904924237977144 
-2.34232313299812 
0.98210069298803 
0.169255894275667 
-2.24109456879522 
0.997304710304448 
1.04589842506644 
-0.273672357439411 
0.368751185680937 
-1.60828128717204 
2.28617672711967 
1.64250412404665 
-0.651172851116147 
0.270439008069916 
0.37911801571642 
0.367101788142866 
0.408290347289083 
0.272488205094823 
-0.0988162568827316 
-1.93031074277482 
-2.82640847419855 
2.30104288796994 
2.24337778193139 
-0.787529543795763 
-0.107405746554027 
-0.0702528800832627 
1.20230325329351 
0.343598427609837 
-0.504739835769223 
-1.53872558193178 
0.274320462404387 
-0.41878013746357 
0.42599674549053 
-1.74328051612833 
1.22603059180206 
2.20506446639411 
-3.16646274933179 
0.701701698502416 
0.454356674066257 
0.483888136827183 
0.614628554355568 
2.00474926330809 
1.08978598733836 
1.330032625983 
0.730286792609959 
0.629430051500427 
0.434752904231816 
-0.877456537860886 
-0.726742023211059 
2.72162983734968 
0.23144739289225 
-0.612823136408267 
-1.77264468989947 
-2.13391068812164 
-0.951766078277276 
0.926615682308513 
0.75663972196098 
-1.57475058667694 
-0.556158541010843 
-0.560828632517243 
-0.765993193697297 
0.181158498744184 
-1.43500873110534 
-0.487813262001454 
-0.822541565473906 
-2.96602519579071 
0.481776416753565 
-1.4449830143046 
0.77611629394226 
0.350758407717085 
2.19770860197549 
-1.62604939976204 
-0.129948949441427 
1.16625341849582 
-0.316417809021119 
-0.303579289265465 
-2.97771777139061 
-3.7762141145824 
0.249490431257171 
-0.199472284638774 
-0.104776500814626 
-1.02507942848624 
0.276421001742817 
-1.66433524542029 
0.79026180986153 
2.38016574569178 
0.871408926125909 
3.3274244903461 
0.12653180045349 
0.655889083826392 
-0.00940241971129796 
-0.037661405978863 
-0.031072261114809 
1.77499796486544 
-3.21814642141255 
0.418777830758338 
1.26755002639331 
-0.0656879542023836 
-1.36742646357319 
-0.726847222362495 
1.87543302981876 
-1.91271547024604 
-1.61692020550286 
-1.53769955066104 
-1.10858086255059 
-1.35185187647417 
1.37209860554866 
-1.10412997711992 
2.19731703436942 
1.51955702256755 
-1.77115256467749 
-0.361430254394816 
-2.20763368052906 
-1.36017989500745 
1.38756441169025 
-0.823084406693778 
-1.03153575689031 
0.0118491080689713 
0.519672988044891 
-0.0226127655088145 
0.378233573169056 
-0.149985335283214 
-3.39960630609721 
1.53303407694222 
-0.596432168958793 
1.1503733324068 
-0.40942903219127 
3.68425685742905 
-1.90352193031059 
-0.78785669046264 
-0.625848114832452 
1.19647385240328 
-0.948410194263294 
-0.311687544757831 
0.308634493483898 
1.01981164620663 
-0.93591536218348 
1.26424990797725 
0.654815903195494 
0.164227869319367 
1.32110647650069 
-0.250577121027819 
-0.9128718576376 
1.27047044501665 
-3.26260966110386 
0.6981709771304 
-1.11379284456843 
2.30087290574752 
3.01921478323995 
-0.58207216731389 
1.25318195313324 
-2.16776119613898 
-1.65792036498347 
0.463278178315379 
1.32907804254771 
-1.17838323391064 
0.202680989547628 
-0.134156477802656 
1.36070723082038 
-0.310413192803335 
0.574186284287657 
-1.78408414263242 
1.65088453162938 
0.405074030291046 
0.0625910214551951 
2.37473888960612 
-1.24617489796009 
2.42105458746634 
0.0792975814887243 
-1.76838815599006 
2.66270706027241 
-2.08304179318976 
-0.79308849067613 
0.525239690039351 
-0.508821194551452 
-1.68877574293866 
-0.13319655453157 
-2.06501983015985 
-1.46876726525979 
0.546984019766316 
-0.732068657063018 
0.157881104229303 
0.126559978839749 
0.76003159545544 
0.87593114982202 
0.00393473968674318 
-1.33794278958435 
1.22480395876505 
1.64501589619018 
1.45645623861611 
-0.828345156021488 
-1.87577135286185 
2.59918805292944 
-0.00923380271662388 
0.120500857280176 
0.132075671810614 
1.2513667471258 
-2.13709670880463 
0.380652226544166 
0.276622778052037 
1.49078735498384 
0.537514651310954 
-2.59044264073981 
3.24979654585445 
0.919540586139813 
1.40132970394854 
2.2429865823385 
-0.0214580687692615 
-0.973692720020727 
0.432745487143117 
0.502601429242441 
0.501434724742318 
-2.2034057753828 
-0.58532412340392 
-0.497332615674232 
0.69240162125683 
0.220169190564649 
-0.307149345658353 
1.23700787603344 
0.616759194951873 
1.11911408468821 
1.34778537781908 
2.36977799633163 
1.69358088887351 
0.614243411298093 
0.0451420354897577 
0.0372944190077538 
0.446815747848389 
0.597938148783601 
0.599395946576228 
1.96475395735019 
1.57771496384303 
-0.565172584560757 
2.60416563152216 
0.553427056117346 
-0.736012059649103 
-1.14882838790886 
0.653616557910606 
0.1335886032712 
0.0750183202744084 
-0.349979053650363 
3.07899918283429 
-2.31975046311081 
-0.436847976491577 
-0.929361498680416 
-0.383792502490976 
2.69170958018453 
-3.69868590471284 
0.0162217056429697 
-1.1053515619953 
-0.88246921748602 
-1.17507969222344 
0.370435084255218 
1.84322810587148 
-1.05819554969569 
-0.834461222738665 
2.08985794319939 
0.893470858454595 
0.622530138916717 
0.29013699794809 
-0.0959909690042481 
-1.29914986862795 
0.661148412262557 
-3.65982452489172 
1.26842715167775 
-0.355245390986065 
-0.900791981504772 
-0.0239571794522997 
0.10508795911281 
-0.10057298181918 
1.730166112871 
-1.13676161035805 
1.64963637189995 
0.11126335691217 
0.866514978062946 
3.01546173195631 
4.54962261512612 
0.36302126104799 
-0.359199995324718 
-0.562007936526459 
-1.09107178109642 
0.796289058923575 
-2.21415945663054 
0.615767196996112 
0.805614300203065 
-0.551290693284527 
1.6285250881689 
1.33360311205113 
-0.121732952619998 
0.285165238802181 
1.05941742561836 
-0.060117868287081 
1.51764817288289 
0.933221184186683 
0.573263605530131 
0.132400697063508 
-0.173210804078503 
-3.27449494027557 
0.00310038051464945 
-1.55028000131337 
1.31476049698849 
-1.81322996181822 
-0.492487782650032 
-0.445270351306291 
1.2376956601722 
-0.567794820298645 
0.0113769242226049 
1.79374819191899 
0.48815047437727 
-0.074316552895507 
-0.848320365245412 
0.501374290069516 
1.05690605799511 
1.40826603119036 
1.68604879920313 
2.90939850937372 
1.56214772920942 
0.093837821357594 
2.63033057474721 
0.672797447678351 
0.517358337146548 
1.09023169607576 
0.679762928888041 
0.637775046653462 
-1.73846255961629 
0.676421962486504 
0.7341941465754 
1.12543489795318 
0.350664334105652 
-2.95227723387073 
-0.286045599727884 
-2.06990973270906 
1.18482250004917 
0.764131254434667 
1.33569838378346 
2.80194807237553 
0.152885448048313 
-0.84279316845359 
1.8344246675596 
-2.30344115549745 
0.599883053690224 
-0.0296595135406885 
0.640312223132459 
4.26890049543617 
0.99039265096403 
-0.750232122279131 
-1.26502513485287 
0.749065043753267 
-0.18975411371446 
-1.96471470564342 
2.09626161481638 
3.2747180163401 
-2.60576341817797 
-0.557560974132343 
-1.47294753100428 
0.491320940035085 
-0.797964166356381 
-0.586808852183262 
1.20924271837499 
-1.01303688182391 
-1.52158834241957 
-0.402072470059688 
0.322355373883033 
0.959223684852832 
0.508714426285296 
-1.35800970162205 
2.76254211311334 
-1.51421951115067 
-0.812873195293115 
-0.611452006429058 
0.245392206190076 
-1.24150266777738 
1.3909191091407 
1.61892144447983 
1.13760441063743 
0.37952068684097 
0.309232973199601 
-0.847884828050705 
0.709944444323353 
-1.11779610856993 
0.0996771240218502 
-0.0244517985999888 
0.378786886074748 
0.315726819678739 
1.0496623955756 
0.151966842888652 
0.693386243847297 
-0.372870583811996 
-1.09757347535002 
0.299801330437319 
-0.129391176489314 
-3.16188530279862 
-0.686281021855998 
-0.959029479396708 
2.24209753501908 
-1.42589443474134 
-1.1401302822965 
1.21186359650275 
0.59542596366655 
0.171750498948194 
1.71718244220101 
1.09393270401434 
-0.477249916782289 
0.786750953339419 
0.424799785090622 
0.654866357123976 
0.531413395665786 
0.454999622960599 
0.0758147564421288 
0.854465217787307 
0.664848508803056 
-2.34421646988376 
-1.23460710377112 
-0.908127036689852 
-0.93188834430778 
3.48281212465644 
-0.884074280444315 
-0.910362923585854 
-0.185338867064957 
0.621797650850151 
-0.2963117100979 
0.0963688915041457 
1.69431588732589 
-0.488170560475994 
-0.961428239229486 
2.53289913904087 
2.02484121575072 
2.5016839502266 
-1.18683683709648 
1.57948672685994 
0.311334473915144 
-0.0104743149467961 
1.42258362717164 
0.524164562897219 
0.356997798560466 
-0.44751488095596 
-0.261908919178513 
-0.0329112275059735 
1.81634559156174 
0.122764830681858 
0.51439915633959 
2.81150937553518 
-0.230614184935356 
0.0619636562387483 
-0.31096433308215 
-0.632882150873105 
2.08460560640117 
-2.13366819169777 
0.253833407680177 
0.802739833218679 
-0.122826065644557 
-0.561614590033197 
-3.42629282910459 
-0.293318557896122 
-1.88030473572597 
-2.94304291808855 
0.0551205330427632 
1.27943344770969 
2.54900890021891 
1.61500431070657 
-0.311707360786571 
0.467496264812367 
2.6899418060362 
-2.99049452908446 
-0.759752356200573 
1.67470798243483 
-0.373812530634 
-1.26861533034893 
2.08432030191026 
-2.3614310083664 
-0.94465640808134 
3.02129680109686 
-0.264947215513555 
0.257212124248897 
-1.92213476923046 
-1.01977206039076 
0.980238889512197 
-1.41585784547997 
-0.614478525781966 
-2.24479213882469 
1.15621159371151 
-0.787782596396848 
-0.118503051284106 
2.76622094880831 
2.23290587315113 
-1.40848420369429 
0.169140885046698 
0.094372226440137 
-1.21372530362815 
-2.10939993893867 
1.09774044089091 
-0.400391278872034 
-0.550544960569853 
-3.04814791592672 
1.73080337295473 
1.69483002963282 
-1.22495039657912 
0.902531607646557 
0.559212063568001 
0.781354834205174 
-0.66834085236485 
-1.47010745111728 
0.31438670117487 
-1.06737358947677 
0.511848377094659 
-1.2847650055571 
-0.574561913149803 
-0.822832618185559 
-0.681139836172803 
0.294650889559981 
0.240545076813124 
1.20942701550864 
0.885568411260303 
-0.785843956962131 
-0.662448615817403 
1.80785996654762 
-1.60983843591032 
2.0776579568619 
-0.280658448429996 
-0.793446910178011 
0.205967636340253 
-0.0282852174702454 
0.0493709339983913 
-1.63261570101127 
-0.406385247669009 
1.60121527157528 
-2.55640993140644 
-0.325248700167737 
-0.306928098666346 
-0.283432873374974 
1.09047752980813 
0.219957284048354 
0.358722878321716 
0.515940901015163 
0.634626722093237 
1.58543538689055 
-0.890815293645482 
1.55122990580286 
1.17941512506372 
-1.29119016406102 
1.30736425832564 
-0.0409720815982641 
-0.281382732878773 
1.18072054960832 
-2.26594078161213 
1.96869311474575 
0.48565592973643 
0.579590324307391 
1.82894998025684 
1.4344567904623 
-3.24928334520297 
-0.315738756251519 
2.82197401147774 
1.42712761096712 
-0.0533369331359925 
-0.375404515899745 
2.28559642646035 
1.93121207452802 
-1.63218074759373 
-2.0386400536396 
-0.126431402746352 
-1.93369404913237 
-0.478774588881207 
0.804656368375027 
-1.21496295722082 
1.99069000320568 
1.067641761613 
1.69055799748061 
0.621285221997007 
-0.0199360526840431 
3.45012627389606 
0.149522308040759 
-2.95814876196513 
0.882079811839968 
-1.71555522261522 
1.49393890428608 
0.980669967735482 
1.94442465536979 
-2.77480379212302 
-0.128116154853236 
1.29985270990086 
4.4252662553152 
0.451066285985021 
1.14701131379022 
0.179051612232308 
0.676142505814707 
1.88638148356947 
0.638655322294384 
-1.23237199394884 
-0.222756638939319 
0.656316167307051 
0.596207786626914 
-0.530597273713946 
0.519058679353845 
-0.104443767635587 
-1.52433255549862 
-1.94477192308697 
2.31528446696302 
-0.936156700403149 
-0.342691576730278 
1.84041415464369 
0.974109481729644 
-0.281254496204175 
-1.1993022058031 
0.393317217656753 
-2.55941813149072 
-0.433024066657486 
-0.506033370020941 
0.381274325737288 
-1.50254336294885 
0.462945725893382 
1.91460300511891 
-1.02527582911944 
0.956683381470446 
1.7888286982901 
1.36117088298341 
-0.341441221120872 
2.65719847839909 
-1.27459155760441 
0.0383067285700493 
-1.0728926531732 
-1.00983612726311 
0.46804306060392 
1.04723709902581 
-1.46526722987708 
1.56796168106503 
-0.0493206806188179 
-0.736941991240074 
1.65871787280615 
0.757149694710733 
0.480104165720822 
-0.050559186820378 
-0.0450716853780515 
1.37042686304084 
-1.1062491686853 
-2.1910410417043 
-1.98267962944618 
1.40528108828314 
-0.982809812317531 
0.442119811949411 
3.36959083932157 
-0.316072627994518 
-2.43906687773145 
-0.132361260490465 
0.0226523821478057 
1.70098862154712 
2.19912724330363 
-1.67470282129729 
-0.481199926703178 
-1.59827095054217 
0.169285467649379 
-1.10341086002429 
1.1739051412551 
-0.161388282883319 
3.39453501341792 
-0.191635882533288 
-1.26078319891898 
-1.47221683820682 
-1.23795362407981 
0.61788572408793 
-1.06860343710852 
1.7381072279524 
-1.42621611699057 
2.34715446976945 
0.0556106513888537 
0.287850277654381 
0.00360271116415178 
-3.77053264836811 
-1.15334879855569 
-1.06658299462467 
-0.916392781119213 
-0.187197542325923 
0.364554924070532 
-1.59678961885788 
0.821550435295404 
0.135255942227042 
-0.869274394636957 
0.343803609681664 
-0.0811620609156701 
0.961331020501272 
-0.694421087169869 
1.09992390385285 
0.896570987504828 
-1.77040426336775 
-3.33367262486421 
-1.29873692810084 
1.51503405749787 
-1.29779276450553 
0.730636493065619 
-0.340962883652724 
-0.732387013040603 
-0.67528074903131 
-1.09499823450691 
0.847965066411878 
1.6098824172447 
0.474739743050655 
1.02422760406632 
0.170054012679446 
-2.95299543225162 
1.80900950605455 
-1.17571521965338 
-1.23246890916949 
-1.29535604108539 
3.29878035930594 
-0.486425983485723 
-2.1079083623123 
-1.23059430983972 
-0.0102491747039294 
1.35015561223743 
2.06637569322543 
-2.39631109741719 
-0.600423181718807 
-0.426643416727913 
0.465501179001074 
-0.485419226086094 
-1.48328723542661 
-0.509400584280275 
0.860354377045875 
1.79127875655704 