-1.0658320951067 
1.32042924919469 
-1.43314802274134 
-2.18955557237089 
0.672119676176967 
2.70816013479535 
0.201575457312128 
0.942532101100428 
-0.919827189177841 
3.16730157056589 
2.44140747821692 
-0.743942498293155 
-1.01890755981191 
-0.927720536086397 
0.0471819332980609 
-0.249336230294614 
0.131244773421847 
-0.211580840898544 
-1.64136957167779 
0.62117789902929 
1.90009158513585 
-2.13834161329689 
2.12220841542505 
2.31075673114115 
-0.389295482329598 
-1.69415512193862 
-0.147033766963443 
1.37436053648157 
0.153591253624521 
-0.815488577671803 
0.601692549174378 
0.186867438599294 
0.556479968022194 
0.243324383608005 
2.53661674322311 
-0.0942154517656641 
0.0517660364190496 
0.37155175804653 
0.594799522277895 
0.315173589248325 
-1.49756256313284 
0.393871465308724 
-1.1534449533518 
1.36488757845301 
-0.868850678848284 
0.600492930557417 
0.817624796322829 
-0.490531584249033 
0.76736596122882 
0.759446292999203 
1.95827863196207 
-0.102190301277509 
-0.0615155184527865 
0.345654283995584 
0.777427670942969 
-2.81641116473925 
0.889597910576569 
0.110809635813151 
1.52618562666146 
2.33607227430661 
0.669389880049152 
-1.12242752313401 
0.159386243485422 
4.76289892146841 
0.836537167017962 
0.427525607165936 
-1.47316643422324 
1.97739305786412 
0.703637820291122 
0.249296019317935 
-1.0244450247895 
0.758465170175055 
0.537387748335527 
1.45364614560275 
-1.89720312285875 
1.32107689573795 
-0.231176095302009 
-0.161147215366796 
0.660488775612871 
1.07545063039924 
0.354271241675227 
-1.56391835522548 
0.217347238233073 
-0.814295110567137 
-2.36161671358911 
-2.63358653342556 
1.793072051244 
0.133318942647348 
0.0550424768126985 
-0.574266407551683 
1.12020656696868 
1.15546242574029 
-0.896418633448019 
-0.0873801576115311 
1.09843087590393 
1.19925376217796 
-0.636066976091333 
-0.331474463091337 
1.98832541763323 
-1.53880427769105 
1.34963010321534 
-0.581238739062391 
-1.31398009449272 
-0.216168835125397 
0.294154086170911 
0.520637983263982 
1.73634410554474 
1.90661301203458 
-2.30632688685555 
0.353864479333631 
-0.125925681629851 
2.19737475748167 
-0.141555498352556 
0.395436989525374 
1.3141144221806 
-2.10409926771286 
0.904377863339455 
0.0548251663298698 
0.0040580377050039 
0.666285119581738 
-0.339387482717634 
-0.222590595755693 
1.18173722513 
-0.537443038479513 
-0.641952653127092 
0.0230218398964998 
-1.17193824091092 
0.95754859745635 
-2.8810192521926 
-0.584369931006197 
-1.68762727534363 
-0.123638902615827 
-1.56386322121001 
-0.121618412452629 
0.208065849582614 
-1.07561100875195 
-1.16090170005683 
2.49752505990785 
0.358551392924399 
-2.03783946612816 
-1.1647065971428 
-1.46086294413827 
-0.883628275561394 
0.405595816481048 
-2.14152818723904 
0.11455610394733 
-1.36697542968982 
-0.794583619753007 
0.0653099097503659 
-1.61463884231246 
0.149936273040637 
-0.826397809042067 
2.24426437087217 
1.24855149324518 
0.587763965037499 
1.11657035211865 
-1.40748678673324 
-0.601346726859968 
-0.882186044949671 
1.79074087709154 
2.64526107505434 
1.24318275547293 
0.416466980564254 
0.532749884518242 
-0.249409553547878 
-2.54939049002325 
-0.689397132898222 
3.87928147569003 
2.42748620554284 
1.06280075344334 
-3.45917118875232 
-1.23856316260263 
1.25448504329972 
-0.568238685435988 
0.424684296716653 
1.20979459484479 
0.531220240091673 
-1.46482137305101 
0.663323608638677 
1.26793873947054 
0.0213900032200679 
-3.29270835531963 
-0.853361160522029 
0.59545652765285 
1.57128049325264 
1.15001226257748 
0.894976544733115 
-1.38483661969273 
0.925563631369379 
1.34460571715035 
-0.613447099267728 
0.988922050484103 
-1.02142582086536 
-0.350023283326315 
0.982894957807115 
-1.13343629807886 
-1.18238774086496 
0.511225801624653 
-0.352741370407049 
0.197099197678438 
-1.85481227854834 
0.597748522347179 
-0.427899772983164 
0.0348864952084522 
-0.758718184132462 
0.0283278360734318 
1.21966657021801 
-1.56194639384364 
0.30605895532319 
-1.61720866439552 
-0.846738448058366 
0.457434840972874 
0.112196982496806 
-1.69844736527952 
-0.0536392811619599 
1.87489996018869 
-2.26619243452821 
1.69894092189932 
0.45423512978275 
1.60109948211301 
0.966353240518727 
-1.63690349168461 
0.81373265546501 
-1.01471869441342 
3.01887777301031 
-2.31495887786487 
1.20659415943815 
0.509826454526392 
-1.4051949120374 
1.74100586461857 
-0.101800865390851 
-0.130183230731519 
-0.731452483737326 
-1.29015958176712 
-1.06891069631505 
3.75680586085877 
1.1191864076935 
-1.50664636250569 
-1.62829084155239 
-2.2033181341302 
0.0835040182685703 
0.915192659245433 
-2.56818234278899 
-0.560481376192155 
0.288113049485952 
0.0847653538729388 
-0.120829015309812 
-0.84842345205511 
0.968327516222851 
1.29990234435511 
-0.742998229363469 
-0.161077789586887 
0.842520444649152 
0.901346225906275 
1.34599559457567 
0.60958267689664 
-1.57758096652909 
0.289977552725864 
0.0100853822648685 
-2.53456635726605 
0.0707612042981937 
-0.667463979864029 
-0.407959311681379 
-0.503457688494129 
0.186376846832256 
-1.28645671086213 
1.67902672379301 
1.62902729271337 
-1.09642299404317 
1.30202229106657 
0.298601053555693 
-0.875931829748385 
-0.678755152780288 
-1.30297981152187 
0.651939761001438 
-0.931825277398583 
0.241468650762028 
-0.0743051546936674 
-0.787922591809528 
0.860458041525677 
-0.140092900141079 
-1.51889263262751 
1.16008148464233 
-0.335789787205246 
0.743493505966404 
-0.610893811789736 
-0.100199072670732 
0.577999797559271 
2.25585983793329 
-2.17631448868955 
-1.53061468393801 
1.58151968534463 
2.22715101784056 
-2.04665855705372 
-1.20808159978089 
3.17410720120571 
2.50023412323407 
-2.1473896183637 
0.193145190825939 
-1.12650682044504 
-0.152404752250229 
2.01366708245452 
1.6842286871322 
0.161452281699549 
-0.158143372757785 
-2.11026089829059 
-0.912664502702769 
2.20452510351765 
-0.162034060815418 
1.10184945167115 
1.66705262610554 
-0.909710887425863 
-0.390669944957575 
-0.110525807277131 
1.02948283440949 
0.806611812859244 
0.185292372251956 
-0.58768434217806 
-0.483255844832679 
-0.366943262663538 
0.59846041494385 
-0.116008452949842 
-0.447816753295195 
-2.9600142457466 
2.10861839965486 
-0.651304563948909 
-0.0977659886825115 
-1.78438118555059 
5.50646622762851 
0.382465716270956 
0.183870864587286 
0.0525189048031246 
-0.916509159981973 
-0.436667834193005 
-2.24124094401712 
-1.11352235196866 
-1.03605408097361 
0.221614055293176 
-1.83567258807312 
-0.285073716439669 
2.72247891004556 
1.4432601374716 
-2.02374338540241 
1.99106289093616 
-3.08420119175318 
1.73431503310417 
0.954021705055853 
-0.0548933594332942 
0.909424419566928 
0.481105292867393 
3.23551187959452 
0.240099794140761 
-0.692977481123042 
0.777887046532831 
-0.491581399826926 
-2.58892757887626 
1.73113683772375 
3.44549411892752 
0.796642384538604 
-2.33013251042876 
-0.590837508638823 
0.300133175074623 
0.457347668574875 
-1.12147784631256 
2.76436564010722 
1.77851075789644 
0.102034837495252 
0.721056758485642 
3.31590081563111 
0.21780335488382 
0.986105596090526 
0.791703600181271 
-0.510031584755202 
2.80957775039348 
-1.14948601024449 
1.8318507435122 
0.928592564029474 
0.567391080932887 
-0.502293849338855 
-0.638493818972381 
-0.114921643305179 
0.292852577207184 
-1.03474184390265 
-1.71428595714391 
1.57379767743595 
1.50458949607974 
-2.46082683145969 
1.96024122679182 
1.84460201361547 
1.68605721156439 
-1.17701456649059 
-1.08066671847708 
-3.34087336495044 
0.365486374074386 
-1.3649798327326 
-0.791183362863802 
0.262390740370098 
-0.14565513326118 
0.485306674075735 
-0.501695532604974 
-1.85609836309718 
1.13163118334633 
-0.0544327216690493 
-0.190628215530685 
-0.0409852666581298 
0.0344135892688185 
-0.742085905720833 
0.80207343677533 
0.168408338259449 
-0.276233130122731 
0.913620179252791 
-2.03799328237956 
-1.42786150038202 
0.260186801921423 
2.30857757460466 
-3.55575477744763 
0.931532962290754 
-0.631594455903509 
-0.341479842892825 
0.433277595122914 
0.288716032016423 
1.03932703423234 
-1.48578919585178 
-0.0833858929083853 
0.800764981221028 
-0.995962644682115 
-1.25696082338415 
-2.00546459792482 
1.25881745646303 
1.03172522782141 
-1.48797544673669 
1.30898120774346 
-0.474594663106714 
-1.81092343895704 
0.00724144913335356 
1.52544961475738 
0.528915265817596 
-3.581154835598 
0.99477440103058 
1.38813212562981 
0.221579047734311 
0.739480582756264 
-0.111330403776316 
-1.22984765857653 
1.38474776019677 
2.00186127976708 
2.55616879713464 
0.16967950375576 
0.543670370414618 
0.299619193767443 
0.499456758254325 
-1.47460340902447 
-1.92776168250701 
-0.191919146982008 
-2.13857491065232 
1.14440921641936 
-1.25664739803172 
-1.22140790839188 
-3.84034114178029 
-3.08537352613256 
-3.62741542355796 
1.11682355808936 
-1.93367751373216 
-1.02294808145248 
-1.95222098630243 
-0.22735514026491 
2.09287094201702 
0.564599009322603 
-4.27067286919526 
-0.327023758960786 
0.601659318213276 
0.638419590352017 
1.44083920906595 
-1.14197404381885 
-0.482929310406927 
0.110842563196461 
-0.570930469053987 
1.08124251103243 
1.79503281664321 
3.08152334256879 
0.123150727710938 
0.641414891647524 
0.536467123316211 
1.68841168720761 
0.977105511434504 
-2.14222629781054 
0.9095561065903 
1.05031700442382 
0.276896969380361 
-2.08690352052884 
0.138047450664119 
0.999395375905015 
0.207352590791998 
0.238467055864916 
1.39553289706147 
-0.327509141712849 
0.797600525561563 
0.801026076316335 
0.455223541387455 
-0.634358607045456 
-1.09840279733469 
-0.482006152318174 
2.28681558261922 
1.25119519993965 
-1.45656559240503 
-0.424529689416963 
-2.77335440761825 
-1.1310960667464 
0.865947689733275 
-1.36235318743563 
-0.476735786935182 
2.26879948452727 
-1.64404884691043 
2.76210144150045 
-1.79392456132105 
0.0451435602438668 
-2.87334544972668 
0.808790655945243 
0.712792893274556 
1.17068090336474 
2.00378133972446 
1.07046814495535 
-0.303031594777526 
-1.16543253407546 
0.614881317769782 
1.74048338975635 
-0.409034153032126 
-1.89604871583081 
1.74091985661045 
-0.488942912521337 
3.12681004108252 
-0.247823764798224 
2.508215041683 
-0.912052422018172 
-1.03415318143358 
-0.994521327476251 
2.5560785320358 
1.26851776019502 
2.1760675830014 
0.810795153457889 
-0.537999117320834 
-0.799343356188967 
-1.36049428333976 
-1.32630438659605 
3.30437583968619 
-0.85972154271071 
-1.49101288928071 
0.0643267358975241 
2.04924790882548 
1.27718771900894 
-0.0454368045813278 
1.12153608530609 
0.54772450163921 
-0.370374642126968 
-0.522315846595951 
0.812407301623769 
-0.341644422989353 
1.01461624613822 
1.55020569757071 
-0.376166698864643 
0.88161218748009 
1.70277645868588 
1.47868177804251 
0.0813752769488355 
-0.464345465564753 
-2.14171611272673 
0.355985847196086 
-0.448039935607468 
-0.356925789481188 
1.18497633392551 
0.399265988432628 
0.504778768073755 
1.62392755344896 
0.0446115165736746 
-1.64963852510417 
-1.77053748276744 
0.166709265806836 
0.301631752605562 
-1.71208019287541 
2.53583418578319 
2.82031411182266 
2.78958582185061 
3.61704999910158 
-0.204176800173838 
1.34658878979762 
-0.0823773580444092 
0.0304249977227301 
1.69422786805627 
-0.40196733193508 
0.917574827615281 
0.950487663557001 
0.922792894574085 
-0.380367082251404 
0.936772122922278 
0.947741018091434 
-0.282438664148409 
0.395188961562727 
2.08131390633523 
0.106709231477765 
-0.9900946815411 
1.57096155471414 
0.0814167440594524 
0.790666732028565 
1.75633766241505 
-0.114985533021465 
-0.115296234011134 
0.291797268235172 
-0.642346173240625 
0.26737640079168 
0.15768101515244 
-0.266625216345033 
-1.53760349424284 
-1.33013253346436 
-0.792115871024467 
-0.687874270354327 
2.11680519804569 
1.6131434823365 
-1.70506178204883 
-0.202978195420488 
-1.06751212509124 
-0.557444137364254 
-1.22055001808545 
-2.75689809033587 
-0.822197535843139 
0.864549254100478 
2.23646567708893 
-0.754082658836431 
0.267850045624161 
-0.179721487854569 
-1.23550849817419 
-1.13486430226907 
0.101736675281462 
1.40206843880808 
1.11803745863882 
-1.11386591886363 
0.353856693688503 
-1.39167379657692 
1.11815809410181 
-0.867714782080961 
0.450347371506803 
0.548687350225777 
-3.15245311518892 
-0.860190268135857 
-0.448293875331108 
1.95772877317464 
0.407501974103412 
-3.49195252507905 
1.79495305860306 
0.800702707267109 
1.16866581690001 
-0.514116418966318 
3.296981566675 
3.01137848733401 
1.60517740544836 
1.99429855695058 
1.66002760633055 
-0.171120100216482 
0.129492853966796 
0.657963782012884 
-0.443304739009116 
0.00680877814535852 
2.44865347334133 
1.80903997694636 
-1.0228635847073 
-0.326146191322639 
-0.827748562085235 
1.35707434248441 
-1.31504389926733 
0.485800641194828 
-0.402864270181424 
0.271313277973224 
-1.07396549062508 
1.44379201838129 
0.0475324743498697 
-0.746304268366693 
0.612417662511521 
-0.31941993097365 
-1.096844764751 
0.960243549462103 
-0.312988064896335 
1.14356562513505 
-1.50166365207079 
2.84808949153137 
1.89175478327575 
3.42560305657361 
-1.86347912303309 
-0.532254416855345 
-1.50909897824997 
1.8585133350568 
2.63093613036301 
-1.11279909963675 
0.738843983689207 
-1.40439889254376 
-0.55748699932339 
1.21090854689143 
1.22893583314352 
0.0131920584493018 
0.124255357157898 
-0.493304071973951 
-1.53542471564553 
-1.45716130803118 
2.35913986753114 
-0.213303674572628 
-2.32213554431414 
-1.11452635409185 
-2.93877100049219 
0.0182499705161686 
1.31658084612204 
1.64919253540766 
-2.45097574892295 
-0.977032352917553 
0.0573375230244271 
-2.13050552767052 
1.84231109847287 
-0.440851546587418 
0.336471873383198 
-0.564895542675069 
-0.017058939095381 
0.14926504552482 
-1.0796588596894 
-0.430629694683185 
-2.11954361123641 
-0.456421354924995 
0.895446076252921 
1.20156903722767 
0.413543228790391 
0.297552592873267 
-0.594421998265911 
1.10917197988079 
-0.496008289320823 
0.741614926389838 
1.12303166686009 
-1.82078051544302 
3.3198773186266 
-0.0999462369388173 
0.613789864081427 
-1.0415243445723 
-2.38341045243383 
-0.814425633190885 
-0.668333740391657 
-0.654573121631958 
2.50248832832807 
-0.438984897348713 
1.5420105172542 
0.566361341085106 
0.162442613064178 
0.351404483519382 
-0.28998810005023 
1.86211128245311 
-3.99554446337355 
1.90266951230399 
0.634894916512839 
-0.224589594360652 
-3.37909741730266 
-1.76193622206707 
-1.68573341786755 
-2.05637167405562 
-0.827495338583191 
-0.686594353474711 
0.719591962117888 
-2.97011688217585 
-0.639893152167975 
-0.724882369552995 
-1.65140977718782 
-0.044208261085445 
-1.06878446512435 
-1.52700656623623 
0.874266454241867 
-0.703691894320153 
-0.884797095197472 
0.126164825251669 
1.44613539029335 
0.0136787839155599 
-0.615620311490844 
-0.651712118426232 
0.616395972356411 
-1.07849241278823 
0.469049538928043 
-0.557819071153091 
-1.6754739155406 
-2.65226026546605 
-0.535985951544112 
-2.1766616621019 
0.80065389904792 
0.956055812381915 
0.321301716026826 
1.41708156493969 
3.10758632737825 
-0.887604056540418 
0.49225667106466 
-1.76570160442042 
1.12877936827466 
-0.663830321835108 
0.90708453476377 
0.0621939508122145 
1.58423667116493 
0.935710063821008 
-1.72347381517639 
-2.85178848420821 
-0.567746595622609 
-0.188750430320414 
-0.928464015532361 
-0.178680649429117 
0.0090805539602905 
0.575772779503383 
-1.26010826725763 
-1.50893858668166 
0.193312408625262 
-0.718742165142328 
1.07004216719874 
-1.55960149906581 
1.48692303342768 
-1.45109098363423 
-0.619901162399336 
2.56588019325903 
-0.888974519668986 
-1.03963042121061 
0.89395475778595 
-0.526698368362403 
0.674906030085685 
0.518616107909744 
0.269002139464733 
1.27478492874477 
-2.0329978001806 
0.246797672556129 
0.462118793775059 
1.63048084413947 
-1.8663544938339 
0.566068116435921 
-1.96398776812773 
-2.28769841400192 
-0.95843919897739 
0.30425174622426 
-0.935989059637758 
1.53710375038718 
-0.27376187058412 
0.173030218914103 
-0.186101403169103 
-1.96110655039447 
1.9825882625161 
0.7424175638938 
3.10667287653859 
-0.739259337491555 
-0.0704787585627917 
-1.28833816553811 
2.92950136832085 
0.508083925948076 
-1.54776619825645 
-1.66136378843022 
1.40516603977906 
-0.4989234203682 
0.600430041928563 
-1.49052341750655 
-0.0220253560980223 
0.181266948492554 
-0.963107142789074 
0.598698077396909 
-1.9119281314965 
1.79797497987744 
-2.32516000219118 
-1.14870514005369 
-1.31693021610456 
-1.16974484287607 
-0.25502113536507 
1.16126700721788 
-0.675872089510188 
2.62504645758417 
0.134665677788033 
0.754266526382591 
-0.727268669473956 
0.30659280750807 
-2.61414726913557 
2.14015920724252 
-0.995802507607562 
3.6117041825882 
-1.59429467218038 
-0.890127229369285 
-2.55403055180832 
1.89739521277722 
0.933032481902202 
-0.176844722993588 
-1.13868901851875 
0.305212880410026 
1.35389838287678 
1.11671379050594 
0.424847288154257 
-2.6203341493923 
-0.701595278033802 
0.293850956580133 
1.24772800969126 
-0.46767530622645 
-1.01452229048727 
2.27294056132878 
2.09659061502704 
-1.0666856617377 
1.5576477994834 
0.811281191594675 
0.0811453220728636 
1.45077455811168 
0.504526343907469 
-1.67402464631389 
-1.35546153151172 
-0.540775174907674 
-0.336181415821313 
-0.799534256048557 
-0.118446577336064 
1.46027472346589 
1.07692357319736 
-3.76995816516722 
-0.464946344958917 
-0.429693660914497 
-0.96354720009625 
1.32983521171282 
-0.998375665843539 
1.35691477819292 
0.454417139289437 
2.25948959219753 
1.06300928357562 
-0.216441126094574 
0.877380775453333 
1.2992504010503 
-1.04904435157832 
0.556836656333523 
0.0205732402793243 
-0.814200801776689 
0.592611635636862 
-1.95668924618499 
3.43790296008188 
-1.39634711395189 
2.26218765167433 
-0.187864006200592 
-0.183465371277519 
1.66584225058677 
1.24025006055998 
1.09130736435532 
-1.82889777574748 
-1.41083165068032 
0.444688823287118 
1.40795633626655 
1.90382080809921 
1.39066042911782 
-1.02245343316118 
-1.90607746245865 
-2.21581517011162 
0.369266604097302 
-2.49296104701776 
-1.13678155665981 
-0.98041569344205 
0.266421894328025 
-0.776827631268154 
2.08795848944391 
-1.94133293226814 
1.82588241011518 
-1.8281561836246 
1.9193293185007 
1.15841341326263 
1.88696832056359 
-2.70018084995553 
1.38907558607049 
0.504456855515708 
0.111191504000586 
0.911793888716174 
1.08990789639539 
2.81168337319786 
-0.497789393736552 
0.79505975101335 
-0.75543561816794 
-0.00548327537655036 
-0.875355203404949 
-1.75029689002952 
-1.5540448440133 
-1.27711802366319 
-0.496999272118358 
-0.658739893245983 
0.724879768299829 
-1.41967940500276 
2.05477411254763 
-0.15192115235486 
1.19268643473867 
-0.347676196507132 
0.324191720097232 
-2.30532152182472 
1.77719366167425 
2.08166073474692 
-2.81063088817368 
1.30614767427254 
-1.55147079582612 
-0.808554425563154 
1.452132437982 
1.09159626544211 
0.402954270395338 
-1.34672740796282 
-0.149322765709607 
0.846722973802656 
1.51239271931593 
-0.258760939730166 
0.809552859344033 
-0.476087983488515 
-2.12122563659274 
2.01366937889572 