-2.15284264876601 
-2.75142703517283 
1.71921604483104 
1.34934092081331 
0.928824257043131 
-0.332690133958864 
-2.1492730054966 
-2.63798124148621 
0.311157591628702 
-0.466373723178409 
0.590505750876904 
-0.37833553631286 
2.37714776050859 
-0.242656617001743 
-0.211032410582908 
0.457496430715115 
-0.174371356788682 
-0.314698140851717 
0.830071739691919 
1.96573772316839 
2.24060212411966 
-2.23314156173313 
-1.43175530078449 
-0.493707669723093 
0.303779605107766 
-0.265306854098163 
-0.00527864536350142 
-0.0980150058244706 
0.246365005398599 
-0.703236872185658 
1.12969091785491 
-0.775100169141508 
0.621254865511946 
-1.96775757696692 
0.0249416836367835 
-0.761815057881659 
0.00687885893056417 
1.23289004858446 
1.8992761046476 
-2.65297953083676 
1.23086865130826 
1.19077290682372 
-0.531538821777887 
0.883985123983144 
0.926863734501639 
-0.411408500626786 
0.229662722067241 
1.50814196925079 
-1.57260226553473 
-1.0856209495622 
0.63804343805722 
0.638742406222959 
1.89988509753146 
0.851804135794085 
0.27934493985541 
-1.35556652084716 
-0.0480346196850013 
-1.01762065241978 
1.11209945073055 
-0.188705977901065 
-1.13274734930404 
0.81210897154582 
1.10716162744574 
0.833796381075524 
1.7151001418884 
-1.39475895491118 
-1.79445849950139 
1.27558029614557 
-0.64638778810973 
-0.700545368094871 
-1.49916425848852 
0.99103197960127 
-0.687921479961373 
-0.764491123477358 
1.6068657380258 
-0.40241901350488 
2.06685995526907 
1.19611451194689 
0.498367803643597 
-2.6526888937069 
-0.140560098287047 
2.71267147727837 
-0.406246041303021 
0.257807344265539 
1.11750760588137 
1.06447347949587 
-1.69930858798073 
0.21965883703998 
1.00006819443005 
1.96839100042092 
-1.30691279341663 
1.51127302211916 
2.2233045612873 
-2.25279254415622 
1.48386795194472 
-1.1539660081301 
-2.0644452556979 
-2.88720570518955 
-2.65395750075453 
0.374255992067893 
1.75396825939812 
0.76899026910699 
1.18622064181775 
-1.85878629678763 
0.983101750466534 
3.02516594759498 
-1.16835471393266 
0.299019269113129 
0.586076278349781 
0.0976564139305633 
-1.61539560819823 
1.00380002285785 
-0.80265922941754 
-2.39763305506328 
-1.24164360459618 
0.471169238652696 
0.134782442247099 
-1.05246828063495 
-0.271557460471652 
-1.83916741995171 
0.14103804793962 
0.489914279051352 
-0.552315070104735 
-0.244921639923818 
0.890048783726618 
0.619642910774402 
0.483691830722538 
0.0284904105917919 
-2.54293122225291 
1.07493054994178 
-2.97489783383952 
-2.83287668108239 
-0.163973483928075 
0.413679916204721 
1.3602305585508 
1.92608109774085 
0.742990398808493 
0.790580564410124 
-0.264426135657714 
3.77980807719734 
-0.679873347974738 
1.26304433170571 
0.912544368007869 
1.69626511022476 
-2.62198250021732 
0.529927545244864 
2.9964713014907 
-1.83878163587118 
0.0360009448534948 
-1.58129547467537 
-0.524840568224293 
-0.920470585271447 
1.05701938570322 
-2.20572691949133 
1.46839780385718 
-0.78971681629225 
0.400266505618186 
-0.0483067703738156 
1.30160031121694 
-0.875955833611859 
-1.78732984436119 
-2.7301336061714 
-1.05374464649223 
-0.901482024531589 
0.522955916071262 
0.2234035924333 
-0.686320539486018 
0.492573483314488 
1.168502230339 
-2.73063989000968 
1.49543892907186 
1.81702382291467 
-2.30978543154996 
0.929202075120704 
-1.7756616827655 
0.910794480920645 
-1.88040382419238 
0.475177925632251 
-1.54808727883061 
-0.648551528555686 
1.35413005961097 
-1.66848346950836 
4.57305698755095 
1.50207956161752 
1.9789578011688 
1.1230709291823 
-0.254540230607357 
0.44065384550796 
-1.67814352915421 
1.27816653391197 
0.997012035108472 
2.52468093354275 
0.306840357061414 
1.68501496888616 
0.590489754817913 
-1.76512204291027 
-0.143293292009754 
1.03785419513302 
-0.38974129389493 
2.94198219925687 
-2.80792820430627 
1.4286151381925 
-0.844147584149063 
1.88471810692953 
1.97811277901566 
1.69461324877663 
-1.53665974968579 
-1.2825859059408 
0.921187896265943 
2.10593748826651 
0.516077604942404 
0.482278446638956 
0.224379650279853 
1.81987082686219 
0.893488394352528 
0.114435553053523 
-0.51739534255986 
0.526543322922852 
-1.88981877076292 
-0.207816738111537 
-0.0621393147967273 
-0.134584644780493 
-0.0724747812666539 
-3.05359371537466 
1.35515220847297 
-1.05619003036797 
1.51190497811475 
-0.690449683265781 
2.34016811193243 
-0.649008922150744 
2.8029680967196 
0.933488979298443 
-0.214420638039323 
-1.272462126961 
-1.34629572410728 
-3.81478261148011 
-0.584141256716572 
4.42801191784378 
1.55927087531458 
-1.53074061912496 
0.183350986413985 
1.59142566675606 
1.4303249876404 
1.11853741784737 
-0.882198464276373 
1.01135480970251 
2.81756525201852 
-1.51622145423512 
-1.61955277180756 
-0.847827649179058 
1.11597482773649 
-3.04347177771312 
-2.28809622490446 
0.562116075202633 
-1.75874587619401 
0.495325205328373 
-1.25259049506094 
3.22062758869802 
0.637389984374707 
0.309907865056663 
-1.25325926167313 
-0.260979241716884 
2.49730665746494 
2.01405018003352 
-0.873198957569622 
-1.30126574565138 
-1.04797680951479 
-1.60621831743118 
0.465903480075764 
0.106341535038498 
2.27780266737367 
0.0998926399559298 
1.17909854592939 
0.0464626304992474 
-1.040848310485 
-2.32878959879941 
0.863979590952512 
1.48166838510097 
1.58203041268285 
-2.05142270259701 
-1.06091655108675 
-1.633564735314 
-0.139910000129302 
0.0545458864911903 
-0.0136124829270854 
1.68247616687542 
-1.73272581864777 
-1.29458144092379 
3.05883825302859 
-1.564181212203 
1.17197074217166 
0.0358791388847394 
0.671306019711047 
-1.21646732694976 
1.56439962420861 
-0.639852167918114 
0.225605262134898 
2.17106722307637 
1.50591355651207 
-0.18731627883622 
0.843772759749366 
-3.26876425296668 
-1.81424478092076 
1.6688834604252 
0.618612686542189 
-1.41802270214017 
-1.89412100491768 
0.359795711132269 
0.0244283489164924 
0.327606879682142 
2.12026338041087 
0.212150833634432 
0.989798868948272 
-0.184336067378196 
-0.663069585124584 
0.522767218403008 
-0.464263366131265 
-0.852684307042966 
-2.36172652595863 
-0.40394547478545 
2.63836330566473 
1.38065788705563 
-2.12965751395766 
-1.16649019978558 
-2.04324860156721 
-0.077795784242888 
-0.972334693006851 
0.877917261661191 
-3.87882190056826 
-3.0953786587807 
2.0972850430519 
-1.32280087533505 
-1.39963496949419 
3.58296913687916 
1.3033570660898 
-0.975870259153579 
0.140276669842474 
0.698732641967919 
1.20302770550791 
-2.495279857915 
2.08651537077801 
-2.05422645304676 
0.530640062505668 
-2.05526239586927 
1.74330992820729 
0.0611194878300534 
1.09927784961092 
1.33882338181437 
1.12710206259003 
0.328887884135186 
0.195641146975083 
-0.137868538675955 
-1.1417476703839 
-1.69597230844551 
-0.737878429288491 
-0.0739399171480304 
-0.529493372321043 
0.730797858137106 
-0.383893218813014 
2.55772638522904 
0.0663514133421974 
1.33749793916266 
-1.23580724356133 
0.42211430655179 
1.71453559559554 
1.87138798819108 
0.137582326830805 
1.52463981972496 
1.10985345227181 
1.68892658491177 
1.97120866916628 
0.470174027442572 
-0.193974729383779 
2.34242920619129 
-0.0197882411827248 
2.39380770590863 
-0.677904846043532 
1.35936518142503 
0.00230844974232491 
0.377839757624849 
-1.0204529124005 
-0.824661682531516 
-4.44061133959011 
0.235857195795416 
1.4075138499447 
-0.59934228984542 
0.26677779261461 
0.0421822925584479 
-2.12075345623052 
-2.83111836918585 
0.960945896394966 
-1.946816240097 
1.11044940979998 
-0.136537167756969 
0.163329183813861 
-2.84842947911761 
-1.58129424023205 
1.17444666607981 
-0.832902092430204 
-1.87430333361939 
-0.801287869910264 
-0.452963174568742 
0.763518437570553 
-1.97985268749731 
1.32299034685964 
0.533036496982087 
1.16972365064153 
-1.58947457526852 
-1.16922491579096 
-1.97287243343164 
2.11923628114147 
0.332887836396672 
2.88574370383686 
1.79159339221585 
1.31978654975069 
0.856360154363988 
-0.599515128078448 
0.870808875712741 
0.0678112572273915 
0.697679660090074 
-2.05399360733891 
1.24670917361197 
0.881899127001805 
-0.174658407112597 
-1.56368014316648 
1.00596260606125 
1.85039290041891 
0.720823533351859 
0.775425488248785 
3.40910075742973 
-0.750460046470329 
-0.273441807613622 
0.901616234643579 
3.92150040907442 
1.86999441387773 
-0.373880897314363 
-1.24470118408144 
0.805898864710429 
-0.837580833294752 
-0.284987985865196 
-0.832625385960292 
-1.34318816039315 
1.27409157643032 
0.694733563892891 
0.0839981373382529 
0.380338031180115 
-1.72591048694351 
3.21769680529657 
0.121782601040681 
-1.41618365689525 
-0.609285799984144 
-0.416694584925907 
0.0296288284944171 
-1.35570555212752 
0.398394866107776 
-0.421270087127412 
-1.37768778112533 
0.755643013996094 
-0.54890227435067 
-0.901133850644286 
-0.598939430068347 
-0.974860900908325 
0.127719814224486 
1.86649206042109 
0.0846150995099202 
4.38510673463204 
1.62298178164375 
-0.915774253574444 
-0.335611510570927 
1.8409469006455 
0.237749647051241 
-0.343123367681318 
-0.263840183265953 
1.17563184856888 
0.94466802672445 
0.00801206955770484 
-0.950005011632882 
-0.663023170854873 
-1.45380943008258 
-1.5741698894204 
-1.29062027149131 
1.52886202632601 
2.11104945737331 
2.88292062390657 
-0.351649556326318 
3.24055547025594 
0.139446157764669 
1.74114861932836 
0.957337573321099 
-0.963943756950218 
1.32570049433906 
0.209781793628758 
1.06590553940856 
4.2905579197155 
-0.375986896854468 
2.22680660114747 
-0.334116334270339 
-1.90947078519563 
2.59558728178983 
-0.799406925629222 
2.59694593289061 
0.713418760807168 
-1.53856464268127 
-0.457219896838194 
0.548829211637607 
0.390980448397015 
-1.88510903997256 
3.82269415455227 
0.722950298752382 
-0.779560360192162 
0.352106649821143 
0.553271235323807 
-1.16381636819428 
-2.03295357644974 
1.95198406037939 
0.91592227929936 
1.4302589792035 
-2.60055038263582 
-0.614917654580987 
2.12131856190658 
-0.016954204014437 
-0.473629615848043 
1.17910370025362 
-0.881037724514788 
-0.456685204478793 
-2.27827539095527 
0.412919097700258 
2.89055918783723 
0.897497537929526 
1.07569958616912 
-1.54624270727936 
-2.4792022488073 
1.37806044755773 
1.04084246895718 
-2.67210748885482 
-0.309616408331224 
2.35860870360642 
0.703638721444014 
-0.738871005046822 
-2.98534072013255 
-1.67968671441132 
-0.727395416814633 
1.70105691581635 
0.551308771005922 
2.51341204168749 
1.9473620184553 
1.53710115108726 
-0.111533486406437 
1.09631566292112 
-0.875065216149886 
-1.48767903720245 
-0.424372614089199 
0.108952439018552 
-0.301973039428447 
-1.21549757166974 
0.520621784611122 
0.282496540887999 
-2.74032824246407 
1.83441697561212 
0.132757662291549 
-1.39680418072439 
2.48228337386619 
-0.427990298299523 
-0.778156904827288 
-2.21397542381046 
-0.689454023944178 
0.44738417660383 
-1.46425869215781 
2.7538834798658 
0.228830562961219 
0.628860625005414 
-1.73667767388705 
-3.21450116226911 
-0.547033241383271 
1.01250159671515 
1.79032754888254 
-1.36060485293366 
-0.262743618381148 
1.80997868019712 
-1.1348207443181 
0.371774964656545 
-0.0306357943230519 
-0.961654421542845 
0.755654746686387 
0.988057464496991 
-1.96555407665818 
-2.69379971200863 
1.24763680990754 
-0.898523777945098 
3.34786528451727 
-1.6572384719716 
-0.285569314960669 
-1.68130536424826 
-0.596224137310789 
1.23279119028304 
0.170102352155891 
2.93371695949194 
-0.634710995048701 
-1.46948525329675 
0.323169483628457 
-0.161705153294662 
0.962710099693834 
-1.47603033458543 
0.083563375037119 
0.3282411137753 
1.25997414476134 
0.41869603401017 
-1.254704010561 
-0.304061189688057 
1.95630930525169 
0.4593545650307 
2.28392472018314 
-1.3167584777329 
1.20664990964357 
-4.46435851287257 
-0.978731178844054 
0.184391049644499 
-0.289619879936219 
2.19613230019394 
-0.749631961622106 
0.204218751343103 
0.0119656400059897 
-0.656958248294395 
0.741472800455816 
-0.0179281000404471 
-0.638754690361999 
1.81107410758393 
-0.668755135226248 
0.678268827529594 
0.904086683223275 
-0.605048103981288 
0.637808831161067 
2.17642866719057 
-1.50268202141216 
0.522557739614424 
-0.090363389232353 
0.358679627577602 
-1.15808238268404 
-0.189884962191734 
0.630931016216047 
-0.364489997876776 
-0.646869836397267 
1.07353826379511 
0.00762150460428573 
0.72236878220541 
-0.584507505577011 
3.53385826729297 
1.87100952031307 
-2.25942838880968 
-0.96391392467451 
-0.992927827489176 
-0.541596944553624 
1.0139066624687 
-1.02687766657591 
-0.325065110592146 
0.691750299242761 
1.13262062663319 
0.455370746950114 
-0.554382841393473 
1.5325153808555 
1.78082911253705 
-1.14642428175267 
0.239019390143317 
0.727848095881981 
0.835597589774013 
-0.407182985807153 
-0.486321641353863 
-0.784936530991629 
1.28994397370612 
-0.894621625777936 
-0.401182634737523 
-1.25571226631719 
-0.73953844070043 
-2.03364546631658 
0.217926104589465 
-1.3723815235169 
-3.304545984429 
1.90475816259748 
-0.114665264208735 
0.756314152001753 
-1.73416373590451 
-0.408534693757712 
0.515651925225635 
-1.55105029957256 
-1.51976247200517 
1.7539955305465 
-1.764484299591 
-1.34327834048371 
0.615485871565696 
0.191071557639206 
-0.163011179598477 
-4.13741956606675 
4.78394429693571 
-1.16088851279597 
-0.568409834106508 
-0.29850457973025 
-0.204040075738813 
0.449034665114934 
1.44958793529487 
0.670485003304451 
-3.74549885664467 
0.341329956357524 
0.60337570929109 
2.21001304212415 
-0.364144285148625 
-1.25739838176117 
0.415669289191559 
-0.897908935515804 
-0.890112218005649 
-0.263574927404087 
-0.762708205508562 
2.31618153631998 
-0.200586833186593 
0.268450536186728 
-0.31793198735003 
-0.802931348852381 
0.141368643979054 
-1.2416071720489 
-0.19040536652657 
-1.06345016214403 
-3.27772378171094 
-2.68115905390254 
0.353130083717229 
0.255869015369978 
0.749455741836613 
1.06944155788606 
-1.97829438428545 
0.0743273378468798 
-2.37666924534164 
0.181973508616982 
1.9463918385714 
-1.24085078301096 
2.45803555013625 
-0.934274584006596 
-0.183792612543965 
-1.73427377197097 
1.46073559862127 
-0.61861603712977 
0.193793611702888 
3.34335612182094 
-0.242041367194396 
-1.08088825047615 
0.787543826926733 
1.71742050608998 
1.01090507964768 
0.599709065861387 
-1.02721464412711 
0.631914676111858 
-1.03245949485624 
0.647171684661245 
-1.74168563441527 
-1.75685011699583 
2.18497658458042 
-0.282186119469402 
0.588928902363176 
0.980894275135042 
1.41431418539827 
-1.35212236970784 
0.393433768752183 
0.95392424408476 
1.3644445606236 
-1.0801367852818 
-0.454802593941522 
1.57928503324373 
1.11840974557183 
1.63437141089372 
-1.1191044104291 
-0.790664406977441 
0.72233751594652 
0.0545513478146371 
-0.922658458560638 
-0.167918879306013 
0.200735848465071 
1.53844212926852 
2.6825781157042 
-0.113710140032603 
-0.5910233384029 
-1.85265327799514 
-0.937610462174394 
1.1762043265403 
-0.270094530483517 
-0.0556464277991335 
-0.850848190522276 
-1.31767428673566 
-2.70761975699659 
-0.422549393297397 
-1.00311736274351 
-1.45441355526269 
0.523228571034925 
-1.61392783345077 
-0.191045579064487 
0.595293373113125 
-1.55113442785519 
-0.453692334666706 
-0.607070222192797 
1.31427154423156 
0.857927252784906 
0.683783611288553 
-2.66113765285388 
0.828933038560513 
0.625544799316822 
-0.0607739996299608 
0.498545394791514 
1.04210461740946 
2.10142970960831 
2.27471222560619 
-0.239288506485215 
-2.6420769660963 
0.821569087611416 
-0.31409069596754 
-0.51982375705243 
0.0185582209059408 
0.476324428639612 
0.26038770636036 
1.30489631057358 
-1.38366599437667 
-0.185226143429178 
3.00726316666225 
0.662505367585738 
0.320189836604183 
0.0943771357547798 
0.355982336489632 
0.364626251728574 
0.913869850284417 
-0.733148711108892 
-0.374091932057976 
0.511930808229815 
2.50621104691387 
0.701320828702373 
0.157946015408698 
-0.666607828765599 
0.633302931811764 
-0.838769505977995 
2.30083823375767 
2.53077294845507 
-2.46859626811494 
-0.248874976643894 
-0.0212079707456578 
1.37151653244593 
0.0714355436583345 
1.45521814290789 
2.2844290268124 
1.05668784582724 
-0.0267909449371037 
0.133410591361928 
1.32183002599523 
-1.62781080619821 
-0.568340533611342 
1.88260006574634 
0.388838649944261 
-0.0487120085664037 
0.198413424947566 
-1.39887428679225 
-1.08744939611314 
-3.67213856624889 
0.798368548410878 
0.971888644326002 
0.772703226080112 
0.134845319946438 
-1.48136021460025 
0.532742829992488 
0.575287295823665 
0.314440361740903 
0.950992952124255 
-0.71909515838151 
-0.523718991594243 
3.04508115114208 
-0.0498856485712174 
2.6013043114335 
-1.06664309103645 
1.22686141508762 
-0.361247940824935 
-1.1490494365325 
-1.75308651772759 
1.68940699761295 
-0.253548584769112 
1.98852581886158 
2.39250801102239 
4.25908344353878 
-0.935423290285694 
-1.00062131189448 
0.548817229225281 
-0.771055240798397 
-3.74232092081736 
-0.0692458689671225 
1.53113921517049 
-0.247056468885067 
1.4527033981822 
3.0717056239716 
1.55765760431121 
-0.270540351082547 
2.47858716627054 
1.30368513426496 
1.33796751531966 
-1.50839843099419 
0.27594416509614 
-0.122423872096526 
0.721611720987597 
-0.127505388569382 
0.575205467759804 
-0.696864789878192 
1.17101456374104 
0.47847111735376 
0.739246089831185 
-1.02594654759397 
-1.33923861253382 
1.74750593147316 
-2.28336751356633 
-0.202508352959768 
2.29331871563571 
0.124777723731651 
-0.630442395691884 
-0.191200102115886 
1.67757741453164 
-2.65580894046605 
-1.33372474277506 
-0.0595532380847509 
1.28185924271185 
1.27672387587663 
1.93151848304699 
0.368725643813435 
-0.187804107011775 
-2.19892607727706 
1.19745398556691 
-1.37497383149431 
0.493789371202546 
-1.28926909231066 
2.88114980829097 
-0.991252773611232 
1.96716588438093 
0.492000897594368 
0.58871619957134 
0.633933591155668 
2.15833785856586 
-2.53770009642817 
-0.0592538778150857 
1.36789523860285 
1.02180052084696 
1.22058721801528 
0.0330954286965989 
-1.11523196394 
1.7286594371685 
0.772844580786601 
2.84144510242241 
-0.127032176353003 
-2.12317789210734 
-0.683618542696867 
-2.43104995886781 
0.389273913609971 
-1.07730592959773 
0.564880197992933 
-0.891399978464599 
-0.460296555699544 
2.77062878079096 
3.97274984276306 
0.974927038935943 
0.085584575695002 
-0.16021736452303 
-3.04274067084645 
0.051981918265225 
0.206390207623424 
0.212819137317865 
-0.259279346789093 
-0.451999021882002 
-0.935066698392155 
-3.39497501955871 
0.925966786013605 
-0.401401335184699 
0.879947991817791 
-1.27778549980294 
1.81019727791911 
-0.223879974583987 
0.720419008577209 
0.993761996453905 
0.0594848303191532 
0.0524368706547588 
-0.444965575078913 
0.858676526138073 
0.139397552754844 
1.8218785822321 
0.832613600422359 
-1.76930412551761 
-1.95548270019924 
1.7750433744558 
1.7555635282148 
0.765610192701906 
-2.74408232797957 
-0.675344152131668 
0.172754288202749 
0.955791246146097 
2.41715612847936 
0.761929312067479 
-2.85535910682206 
-1.24020745094592 
-0.170000050633078 
3.63855085380375 
-0.724856639195572 
-0.965157234663796 
-0.605119671968614 
-0.353434054323689 