-1.10186572946885 
-0.309717404282201 
0.0339667547590912 
1.17847306071082 
-0.278502493877984 
-0.730005328882106 
-0.90434038309723 
-0.550640561345593 
-0.441225237096299 
0.0849883751498453 
-2.31432061446902 
-0.618403818772604 
-1.25435213171301 
-1.32278371579535 
3.12669929759031 
0.244093578520318 
0.590571296327852 
0.426671030170646 
2.67107794593391 
1.30866639082282 
1.53779350684665 
1.0780762086683 
-0.675242964340685 
1.0856160857642 
-3.69964860840906 
-1.91083560875056 
-0.454006987170035 
0.893896279670129 
-3.90678265127045 
-2.322222451958 
0.842688759289278 
-0.139454993335672 
2.84060314424186 
0.569873301397011 
-1.48266421717629 
-0.383793380000181 
-0.843062978290541 
-0.478474512989421 
0.235231670268399 
-0.168750525043973 
-0.375076433740346 
-0.596660713427802 
1.33928071652903 
-0.0880838644373196 
-1.59743834995513 
0.116996547108742 
-1.75689899888752 
-0.743455051745148 
0.939497163428736 
4.49056253046659 
1.20995862646119 
-0.784719463204037 
-0.843263289149222 
-0.894254292706996 
0.884168809660522 
2.61020662950057 
0.913993769416566 
0.885747602990413 
-1.25201555207794 
-2.69219473530776 
-1.94133147225993 
-2.90458578640158 
-2.20739797788001 
-1.55138670748706 
-1.96087329959792 
-1.33762629713927 
0.776331341946445 
-2.63042574274496 
0.505025240247423 
0.351568940980468 
-0.990061886538132 
2.46001580229486 
-0.800560484372339 
1.83169402183141 
-0.683731579105703 
2.04209292660034 
2.28505535571331 
-0.91118912341078 
1.10059394844979 
0.231590179045222 
1.19800759038781 
0.853878716580642 
0.95860426590474 
1.79291911142591 
0.263168934924279 
0.0715161294619922 
-3.50547409147293 
2.78047046624017 
-0.338053912473228 
0.384756903975758 
0.924461487803638 
-0.734922631958463 
1.22424159098681 
2.79873272030159 
0.951553542303564 
1.5873302326487 
-2.31237124681912 
0.453045273205437 
-2.03541071192442 
-2.17073071543085 
-0.445501609854995 
0.893278956679572 
-0.678105731898847 
0.711441496175186 
-0.583564571011145 
0.425079359428448 
2.03717709724361 
-0.908716376506701 
1.60685275176731 
-0.8956656876907 
3.33589298182655 
-0.511369914726086 
-1.50645562696981 
-0.0504265521611365 
0.221047701568782 
2.70762612198965 
-0.0129065478620411 
-0.0724318029253037 
-0.448629474322924 
-0.990179208296513 
0.636885539341073 
-2.4893514646176 
-2.2197821380641 
-0.36790655015805 
2.03010821947416 
-0.249585431506929 
-0.738225705937587 
2.9968809392111 
-0.167485521016424 
0.56114171833298 
2.2158761271632 
-1.30983760486113 
-1.22447279944155 
1.36241379472773 
0.817291924365988 
-1.41095387775396 
-1.02999065556366 
0.760622001620445 
-0.746750095952297 
-0.17959832350348 
-1.8747359529315 
1.35619488754862 
-0.598441402673448 
-2.01412097835608 
1.53688072970598 
-1.923757290312 
-3.25342077472195 
1.69454561460709 
2.36288955091455 
-0.246431659671806 
0.45884996310813 
-1.52678885084756 
-1.43744391795427 
-0.137080477168666 
-3.79999354414518 
2.32895404129867 
-0.627458013685655 
1.41064618573301 
-2.07696272672306 
-1.94316631010034 
-0.542263731257378 
0.739622677485206 
0.919252517435029 
1.18874211507851 
-2.85489077086479 
1.02350352810174 
0.90565988758319 
0.0501488635367672 
-1.08236169580772 
-0.590912100250023 
1.92193479880131 
-0.602891362559281 
-3.89713290730543 
-0.439626797946584 
-0.450788698980346 
-0.00468873155641283 
2.07818883489159 
2.05500967563508 
-0.236369230943457 
-1.65039790997912 
-1.65301362242092 
0.829084868691567 
-1.37941370061618 
1.93337760860349 
-0.605362084323666 
0.290869947964282 
-0.770554913502153 
0.0433959980496981 
-1.23282362275462 
-1.37769670941093 
-0.638421340346793 
-1.04765650795744 
1.58571039479179 
1.16463776495801 
-0.8061012302991 
1.49707919642181 
1.34154438395696 
-0.229488121532382 
2.01272910363372 
0.890414348257715 
-0.0352153265862817 
0.834222850284588 
-0.236134194684404 
2.94524220360065 
0.266894573165101 
-0.615964968010023 
1.67433887252749 
1.06076127413715 
-1.81985485364639 
1.33507222306054 
0.621745708976844 
0.928212216723996 
0.0926219051216602 
1.57769336084841 
-1.1795662896893 
-1.0788830646789 
0.613016328544533 
0.148410455972154 
0.18923489758154 
-1.04421043990146 
-0.659138748978207 
-2.27378637043194 
0.372869717822983 
0.280801682845308 
0.756102784868583 
0.610381858554135 
-0.301086776164087 
-0.924205020478498 
-0.724447526980078 
1.13705540236637 
-1.45352368547722 
5.03802628492697 
0.663046882632931 
-4.00390936778077 
0.976728641342909 
-0.951755488397964 
0.0477051461051714 
0.73630051727166 
-1.59374509163977 
1.76844880733323 
1.36520079901998 
0.41362785578923 
-0.544229440134575 
1.31912393671787 
-0.0522935101367468 
1.59044168254488 
0.0887269191800645 
-2.27809010566977 
1.25169602515767 
-1.804342426069 
0.26701843864045 
-0.415635815892808 
0.263319816140715 
-0.909191004151837 
-2.36038966189375 
1.33428541577166 
-0.613141555453937 
2.33059439565475 
0.0800718179063477 
0.489924701723949 
-0.0391370198704667 
-1.19412512204876 
-1.73674526005791 
-0.486759453839813 
1.1577863464347 
0.305700582126321 
1.16570926622954 
-0.880083235353448 
1.06965906654867 
0.688085516632932 
-0.878837387004578 
1.81350190642151 
0.0423873315788539 
2.00930948959753 
-0.400824779007654 
1.76201571694212 
0.243875469697631 
1.40611721369195 
-2.21836445571094 
-0.54913575104736 
1.21516100526811 
0.577221116193115 
-0.212894643773353 
1.92068770159783 
0.15180553043648 
0.50530224685627 
0.0578348487129604 
0.507670678304133 
0.995779587504049 
-0.0711924871759623 
1.40927835561632 
-0.668351521511279 
-0.0940758596878242 
0.1508635620743 
0.0485278082067101 
2.14175563879985 
0.109503559969988 
0.268996048491587 
-1.97714121183894 
0.418949243299404 
0.486899904970438 
-0.790497822645608 
0.6620244072088 
-2.34908935742931 
-0.54497926676264 
-1.62769173007228 
0.253295496780085 
-1.45918825923 
-0.085243492620797 
-2.48343370334928 
3.01437709821489 
2.68072840987032 
-1.06748315469098 
1.74702535136369 
0.00724805440796991 
-1.62399849333637 
-1.09075791199448 
-0.922216534185272 
-0.875572525052881 
0.481346891906953 
0.742797974268788 
1.42819635859243 
0.611819410986997 
1.22913238675674 
0.838035565362767 
4.43077523968788 
1.91160275656678 
1.26139986233634 
-1.08882123773145 
-0.604818979791811 
1.03978895566412 
2.26276702031353 
-3.45639593997776 
-0.588688494761425 
-1.63577101523978 
1.06112504366713 
1.35125498169233 
1.41713167093657 
-1.45085943042233 
-1.1568216056872 
0.877348048473513 
-0.323646216587503 
2.78668999058767 
1.34313578470341 
3.80786973340195 
-0.993129572535538 
-0.394860538350607 
-1.82101515372506 
0.265499103537259 
-0.968181454912625 
-0.369368584775323 
-1.42119917508296 
-0.183269000068863 
-0.986523200130848 
-1.31420012306563 
-1.85706083702221 
-0.875505347884307 
0.651748644538849 
2.11973672009775 
1.79656478609119 
0.983418502001205 
-0.486019452336895 
0.434226781477031 
-0.660468131601909 
-0.161295402619273 
-3.49812894461139 
-0.551076438283042 
0.857276423550759 
0.272004318545916 
-1.46341774888164 
0.534625232039119 
-1.41364850542005 
-1.40256260606881 
1.54398611228264 
0.807435741560737 
1.03225967716383 
1.74293209073182 
0.594628278376139 
0.637694768823983 
-2.09612961674816 
1.79513954273327 
0.50842784265828 
2.14219186482785 
-0.850057442877568 
-0.41338254390083 
-1.05391867403308 
-0.89715925751618 
1.53966692493968 
0.496521954015681 
1.05522428396893 
-0.099026304246377 
3.33125400383011 
2.02225110139842 
0.103667343589599 
-0.371528906938834 
-1.89684542099767 
-2.58648862299779 
-0.998618188902544 
0.816130147091593 
-0.729127799656643 
0.141975834468903 
0.442630377991457 
-1.82823656101278 
2.57712450973419 
-0.232812384121172 
-0.163832434766437 
-2.59585153148621 
0.514133688840361 
-0.348924410635265 
0.458401742011135 
-2.86471845705076 
0.729174491487588 
-1.37469299074158 
-0.20369320109647 
-0.325581698839233 
1.46520759593258 
-1.05201267290153 
-1.66921073969574 
-1.39507947491433 
-0.91175782441922 
1.03869603739254 
-1.16941403234916 
-2.96449279620303 
-0.864352280288672 
-1.30437839232376 
0.36645079996217 
-0.248856139180615 
1.27609467760729 
0.171613269123715 
1.43819322379892 
-1.22100734415838 
-0.432578966467491 
-4.05530001520555 
0.992689366233945 
-0.217533156544022 
2.18318437344958 
0.191798570396366 
2.26860018715359 
-2.17917725186502 
0.268692401282129 
-1.22377521228458 
1.13800279982511 
-0.770337928321624 
0.413411278887803 
-0.395370066399807 
-0.886038948054023 
-0.944299897870329 
-0.849908974665925 
0.668769828859522 
1.50561067613062 
-0.780937916689734 
-0.734815768529411 
0.916125025541449 
1.09039042606575 
1.57504682212752 
0.988617724893844 
2.07026710947091 
0.684217800767369 
-1.07813712601853 
-0.122832376263661 
1.55844170364095 
0.482542095309138 
-1.86875828952357 
2.54572543461109 
-0.690945281473461 
0.0122059697055423 
0.170614216213535 
0.373336555277961 
0.726419504363168 
1.79198595231372 
-0.562136475514535 
0.912139436218418 
-0.17155261848517 
3.7966035805978 
0.360785146691642 
-1.91271660214696 
1.58706695056284 
2.14033157361882 
1.60011558459898 
-0.865255207126393 
-0.74017841027476 
-2.43589651361517 
1.09786186915717 
0.513326222255683 
0.396080734365822 
0.00120039278378065 
-0.547000736590628 
-1.02830205600556 
-1.55105983787312 
-0.0488427304572343 
-0.681268208492709 
1.77438773736656 
-0.0719881815253904 
1.12587677596844 
0.632472175404518 
-0.576984331950271 
-0.0451470536188363 
-0.390036235844288 
0.247671565428135 
0.141524602834637 
0.29361885474269 
-0.579641520181606 
-1.98963555091793 
1.49210273757148 
2.02824951964583 
0.547453389942404 
-0.0812079035590845 
0.343995135942987 
-1.79819059518208 
-0.556364324879317 
-0.451360847338203 
3.97215993549724 
-0.407446471487893 
1.957732126979 
-0.162620495613639 
0.738460034726479 
0.151613675623912 
-0.384337193731992 
2.31945923239358 
1.67881150740861 
0.160575826589686 
-1.49243939917758 
-1.71515037830403 
0.139660554765306 
-0.827264841608178 
-0.302575489469835 
0.865976186203645 
1.06944711010413 
2.54070131163786 
1.10620987910428 
0.297655841963708 
-0.328656943983758 
1.82426452117664 
-1.58390700034186 
3.65609636760787 
0.772295555213134 
-1.918348217435 
0.625256844699561 
0.483170086309585 
0.0229778507272825 
-0.850014466651437 
-2.54916928375668 
0.816234424489709 
0.80171974899782 
0.696504800376692 
-0.421266841261831 
0.820323416019009 
1.41266556286492 
0.602944599334416 
0.947775378081456 
0.964791144541441 
0.110288932776729 
1.06543651811862 
-0.889517773238379 
-0.233950538489664 
0.297491577742659 
-1.32925092255274 
-0.524257675745723 
1.64872980721587 
-0.659669905001008 
-1.60510731893534 
-1.00040941153694 
0.0255754410087717 
0.868439063652406 
1.06838537514142 
0.0991901681784604 
2.87262956986957 
-1.35638357926032 
-1.12627354819414 
-1.75062446927347 
-0.429602438127365 
-0.330909427602627 
-0.848463351262215 
0.18562379928024 
-2.84073309997269 
2.40400310040891 
-1.65878124665848 
1.32130980902803 
-2.61858584940083 
-0.141196129400294 
-0.405652806017888 
-0.865895020726299 
0.708933597012773 
1.77974643569755 
-0.517088154720001 
-2.26408291893028 
-1.47491790668188 
-0.517646467587708 
-2.24231380327664 
0.934819101710241 
-0.752948840675795 
-1.33596989594663 
0.263646072059531 
0.470071179592095 
-0.931213266147548 
-1.48001552777311 
-1.92380011942614 
0.528497744401149 
0.717803222583891 
-0.772740435619997 
-1.69151702430649 
-0.835238405005546 
2.47488812242076 
3.69124536648293 
-0.63336649568202 
-0.908653238052021 
-3.44098528001314 
-1.01843578451782 
0.275864224592409 
1.36674720321124 
0.278560031103077 
-0.580636514182605 
1.14557320366912 
-0.145564722251982 
0.933141435137827 
0.417326809893937 
1.45450538475761 
0.151770444654171 
0.308668770165701 
-0.725402829171988 
0.303454245138087 
0.715198746652849 
-0.552683028082765 
-1.28817846188802 
0.55764511589355 
-0.792409556693844 
0.587777760604338 
0.574345184555122 
-0.340451545395311 
-1.74578982920462 
-1.20195727764307 
-1.13301475324947 
0.0167930643257453 
-0.954409396616799 
0.685753256626637 
2.11721446987455 
0.279991632817753 
2.77366567190709 
-0.0492685481158647 
1.46446617081553 
-0.74794908847217 
-2.6691665659898 
0.380175168729544 
0.791116150267011 
2.1704507746945 
-1.26622910531624 
0.843721392572025 
2.47725870234176 
2.0209503841129 
-2.75622971733107 
-1.38273573018317 
1.32723298441078 
-1.95686606851468 
-1.47471905782029 
-0.244727788293583 
-1.44755246376487 
0.531759039129956 
0.919011764590717 
-1.2381707351179 
-1.10980444698708 
1.3895462793131 
0.0162101987316629 
-0.464649956560047 
-1.03505098193091 
-1.20408745923184 
0.573604363336171 
1.53289039621863 
0.38167015047298 
0.932853867345327 
1.69934899343345 
1.33558455248262 
-0.911822774579395 
-0.057041818091274 
-0.726516802632311 
0.209773445380096 
-1.31696625792012 
-0.406274007175864 
-0.621023646047313 
3.31514062671916 
1.38478221285558 
0.179370219176855 
2.17081825185717 
0.641892190934598 
0.381791191917236 
0.88376765044995 
0.0504356379383056 
0.490525253269175 
1.71704329922903 
1.13846530199861 
-0.932547276440214 
2.10992508952448 
1.39256765675143 
0.605325618961725 
3.23520372024041 
-2.65826860335272 
0.208544419910465 
1.26652026469519 
-0.61285216355238 
-1.37339917666273 
1.35913462224365 
2.71062893212576 
-1.61607941411509 
-0.52427441628014 
1.24329784768854 
-1.34588411206939 
-1.11355785949048 
1.60375866380965 
1.29003304586199 
-0.656363315509639 
-0.133347385233736 
-0.136555677158967 
-0.712878729390647 
-0.496969665860573 
-0.16142891566819 
-1.63609237802287 
-3.3486700076063 
-2.04384695515944 
2.31111367029377 
-0.00948983649251033 
-2.80575105054035 
-0.408187932480618 
-0.789265903869551 
1.97559565396537 
0.345099327694072 
-0.266898137352743 
0.303583059938692 
3.0813581116825 
2.63433879719232 
0.74442108993196 
-0.00666831718061256 
-1.20304306187988 
0.633312411291599 
0.956929776318254 
1.4567647423122 
-0.587937511879882 
-0.390592711753943 
2.82310893879933 
0.354368291129754 
0.823219848294788 
1.69444683175274 
0.741677443222662 
-3.79735271140805 
1.4606856414653 
1.10755421908266 
-0.811303465447374 
0.349915725951522 
2.43803535501377 
-0.434237555846965 
3.83879392312013 
0.827386063197402 
1.53586535193908 
-0.317116761283101 
-0.67238620544009 
-2.08790889416502 
0.267803976604425 
1.04902825449771 
1.3086218012127 
-1.67051322888808 
1.21764682842904 
1.73951300560611 
-0.552290098069504 
-1.25301835741574 
-2.84572023104967 
-1.21939834354851 
0.104428280717419 
0.348009483249237 
1.01410380024856 
0.695363970167334 
-0.310815386028023 
0.867801301968269 
-3.25336637940199 
0.0747549913362588 
-0.325814063964971 
1.81694639807735 
-2.0185042987945 
-1.96912180328867 
2.28404065117715 
-0.608631802339523 
-2.06953067163244 
0.924994991605797 
0.784586979176027 
1.5144252037228 
-1.40363071600344 
-0.535605793289559 
-0.322025432760537 
-1.01595265498816 
-0.0274831236660289 
0.438592884002744 
-2.06120784838123 
0.670728394405469 
0.572678466487991 
0.34351610428598 
1.32940172057503 
-0.955498725996263 
1.18577481810908 
-2.69206634727069 
0.0308561977381956 
1.13627804254986 
0.97239352144644 
0.275877448709463 
-2.26167021402642 
-0.623362987521875 
1.05557295776081 
2.23491537225402 
-0.953941325570583 
1.91543792402847 
-1.03668422265847 
1.30865532847748 
1.50155575104244 
0.278040595110337 
-2.54049625822796 
-1.4765585037757 
-0.853120062715003 
2.08656574299728 
0.710080527350839 
-3.14946849662338 
0.7332544949962 
-1.21954592198452 
-2.61420927123197 
2.65475759181603 
0.497498529601063 
-0.161103595348425 
-0.634552242974337 
0.658679732905846 
-1.12480621640554 
-0.0298610260218752 
0.0346713482456381 
-1.42585734915472 
0.831085226562905 
0.361738505591253 
4.2855592019546 
-0.344188578340238 
1.64773692950311 
-1.53100274292405 
0.694079144147728 
-0.520112964300637 
0.237687390958669 
-1.5398109207127 
-1.1459942937366 
-1.50608611663583 
0.0295514972039366 
-4.12780368361203 
1.03599262551841 
1.63493593239597 
3.25648782748318 
-0.810719740905527 
-0.714016935901531 
-0.787238673334341 
1.27405761418383 
-0.345800712180321 
0.213236818655159 
-0.311441093509038 
1.26891487947583 
0.097306408026592 
1.17846135596402 
-0.527886195883031 
3.01464953065643 
0.457507595349399 
2.15289158350189 
2.77365491774989 
-0.657024745228235 
1.91408596717965 
-0.300769934824959 
0.410687939288809 
-2.69963335215003 
-0.312283964599474 
-0.174549689040529 
1.2926217223049 
1.27066777795739 
0.177200134668366 
1.17540709367505 
-1.99021936288838 
-0.872845117272152 
-1.05479766172839 
-1.37020989201606 
-0.539795490732669 
1.54043360812823 
-1.54965080644039 
-1.46566867634716 
-2.04833657312036 
1.76367715094266 
0.313803928515654 
-1.09107071737135 
1.16209630892469 
-2.09755259111486 
-1.15652702487446 
0.612233993378061 
-1.98660434924135 
1.82943661490771 
0.843647007465973 
-1.19710198631692 
1.27933644312979 
2.22193654325401 
0.524250073616786 
1.72023780059376 
-0.253874853804106 
0.962843017132064 
-0.937949475087404 
-0.0722793890079163 
-1.8462406359261 
2.22664957456928 
-0.158208715449226 
1.30347016507695 
-1.21691734202835 
-3.24974347817434 
-0.0619504929096779 
-0.0224604413640791 
-0.0155211857918255 
-0.456331865006584 
-0.502349502160355 
-1.86041244800529 
-1.56622015661685 
0.331540357972998 
-0.970110939565985 
3.33254553974882 
-2.47123985153045 
-2.58460877279985 
-0.40467260462764 
-0.784023389245791 
-0.481027535610789 
1.51027592186138 
1.09669105867444 
-1.04220648667934 
-0.6452630683089 
-0.14355338261971 
-0.643490759115658 
-0.148643043388227 
-0.551754522222346 
2.53653917711373 
0.709806407197852 
-0.315948802292081 
1.82318172605365 
2.07759394294456 
0.180746081373625 
0.426668836125185 
0.182501103701374 
-2.25498260253945 
1.37636718984898 
-0.919263721607623 
-1.10513331361874 
-2.03019817972579 
0.916650448709951 
-0.480279671651255 
-1.20807405330629 
0.926471250164054 
2.06556333485687 
0.432315525862909 
-0.403804534178447 
-1.73819469556332 
1.41884621047519 
0.163130000588151 
2.66984220887122 
-1.32289286391449 
0.618477302241679 
-1.72786745866655 
0.566077047185794 
0.981001187447669 
0.516228265497672 
0.123258306906547 
-1.25022415756968 
-1.81775772516418 
1.8558723764606 
-0.435319668712519 
0.504335515663425 
-1.077287868834 
0.489136276390372 
-0.30625066798731 
-0.75280902604633 
-1.0506619083339 
-2.75693435779712 
3.89841990098426 
-0.716059117718492 
1.37426200422852 
0.106831456816494 
-0.0900291943620515 
1.59482520000069 
2.03612408002957 
-0.308941321789644 
-2.86540338516578 
-2.08098114913446 
-1.5223600086862 
-0.454878490827804 
0.370923144293652 
1.4358921924217 
0.0524517995683601 
-1.74032070371722 
0.738390914549271 
-0.506159631497093 
0.371114190221943 
-0.238728319104509 
-1.70180883451038 
-1.79422240800926 
-0.907120019642216 
-2.16709681256189 
-0.416580825205586 
-2.94205192826684 
1.68117144915057 
-0.343633691254789 
-1.6980672477853 
-0.441054796750042 
-0.131673918204064 
-0.413982774475877 
0.683425095345121 
-0.343539402059198 
-0.577189224371094 
0.323412733451447 
3.350264024544 
1.6088221133736 
-1.36249643030989 
-1.29058341816613 
3.83566018533228 
0.107893953305401 
0.746842543000426 
-0.0856789821686456 
0.280607901622403 
0.0377160002403545 
-0.0815678464593019 
-0.15736313070115 
-1.96307300684657 
0.541249133618727 
0.322189162679945 
-0.926744902298737 
-0.192648939223469 
1.58860118721926 
-0.217399509817465 
2.00620440319997 
0.570128803898373 
2.02578414749773 
-0.823171260950206 
-2.41313349403171 
1.16759766960307 
-2.41976941259381 
2.13118761686438 
0.8410274366975 
-0.366120948062632 
0.0427575784859282 
-0.464465737300703 
-0.530428499436432 
0.340898700365188 
0.718352523260439 
3.07144561639518 
3.59630435414218 
2.33050933242383 
1.15583869937189 
-0.771777321910068 
0.917020123554952 
-1.07835855165408 
1.35426902927881 
-1.15332255002418 
0.0320791673941995 
0.762110080353788 
-2.71943990980179 
1.3896232898498 
-1.46498532183322 
-1.75118520707777 
0.0862207949768347 
-1.37631890877306 
0.431309615515409 
-2.05438382302415 
3.61460805277254 
-3.55900669806277 
0.606631619625833 
0.571415029944896 
1.04872833817454 
-2.32861093519129 
2.55368540243955 
0.110274308608332 
1.02531707203426 
0.708903319208204 
-0.278939569139663 
-0.743838316984887 
-0.0944654103248856 
2.87913821368706 
-1.04634517831635 
0.072586793633978 
-2.3190467831245 
-0.912089112947396 
-1.19573120851486 
1.83697708566178 
-2.11886256337182 
-0.76086920386871 
-0.171782196144172 
0.834148360277054 
-0.575391599706302 
1.37247518344561 
0.754502611198277 
-0.312330287086968 
-1.01819374327253 
-0.829374484122665 
-2.78528110292902 
-1.01484007191461 
-0.0939531172682117 
-1.32659584230649 
2.17496890663355 
1.31365686286198 
-2.04094644631863 
0.430292056809073 
-2.16822059920298 
-1.23082684830204 
-0.790532924537782 
0.865118889282965 
-0.538021350566029 
1.88659190940283 
1.00082199512024 
-0.188930167208871 
1.08073062442151 
0.0299072649370709 
0.646108755778377 
3.34863931340312 
1.16953675678688 
-1.51931115764434 
0.605745503579645 
0.319487480987831 
-1.28580541047568 
-1.48253309636491 
0.222443652479156 
-0.476526169619603 
-1.07512264328223 
-0.603663078585188 
-0.326637630301267 
0.629804774130966 
0.649220327182053 
0.539674269503445 
2.30875303400088 
0.893639489129215 
0.793246724856853 
0.463810687237389 
1.29620211523173 
-1.53131730256573 
-0.746144689061569 
-0.257101931588388 
0.131465736321854 
-2.26650382752221 
-2.0799147105341 
0.047169222397657 
-2.26213218390414 
1.60609301261238 
0.959519693953722 
-1.37243768298114 
0.00407578900466521 
1.04024268937722 
-0.444352949881484 
-0.561368470315096 
0.407225852031616 
0.228190160311715 
0.542188790286492 
-1.16408179332197 
0.562035009099693 
-2.30471228876706 
0.498565475850183 
-2.43366340608943 
0.97487028200544 
0.411510982005864 
1.1122538685958 
2.06446955994335 
1.90778192838866 
1.62586250861391 
0.366618368570799 
-1.52474251733139 
-0.509740915315584 
2.22331310300047 
0.89867364731785 
-0.374763869641512 
-0.0823174006978229 
-1.77044718662955 
-0.0372270986100136 
1.04551862134521 
0.135953282253565 
-0.409755089600974 
2.52011079795311 
-3.49007486024002 
0.797774139378517 
-1.2310023482547 
0.808996232676097 
0.335823117209064 
1.34790390091253 
-1.45487604513524 
-0.672291413419526 
-0.805263931848432 
0.254508839239944 
-0.526697051144223 
-1.89420812943358 
1.11388986668411 
-1.01040585554357 
0.634960163652421 
0.82177327812221 
-0.755098196390617 
0.591429454803315 
1.25963269045378 
-0.108843439955865 
1.26458722280911 
-0.352402645223019 
-1.61025550578001 
-1.29818739494206 
1.3436409334268 
-0.718424028963093 
-1.52542402930021 
1.92818699734343 
0.355118638809227 
0.18466310488889 
2.26719384043859 
1.67658809375013 
-1.47229423174093 
0.742237540370911 
-1.56076025640303 
-0.387594970642551 
-2.56584643861128 
1.4525130371461 
0.308359942957106 
-2.60413592110167 
-0.150206791197178 
0.150803667521761 
-0.336152393770928 
0.576744351341076 
0.440735972776667 
-0.0985546146860964 
0.856498056964365 
-0.402981635765171 
0.427531392913431 
1.13398948368308 
-2.82385214550223 
-0.932931174875163 
2.11037410690088 
-1.69374418835594 
0.340907921092621 
0.134959162641839 
0.831928758522313 
-0.339236840466656 
-0.138689239924679 
-0.450391710207581 
5.82853851429741 
-0.684768952096404 
1.95282877553866 
-0.910515318700386 
-0.195235976805867 
1.0692824271052 
-1.11029772328449 
1.33164204208176 
1.01734460464214 
-0.483954808407591 
-2.01783661798964 
-0.790967290015267 
1.76112722616383 
-0.0437601077922078 
2.09219028854637 
1.81418066191597 
2.69323985857205 
-0.628198588817968 
0.408230111188171 
-0.229104294616241 
0.710994137471932 
0.861794839982789 
-1.50627453826393 
0.341329838065239 
-1.25116773606917 
-1.08512197975101 
1.54680498962375 
-0.731600897862107 
-0.57534597559791 
0.168374361631235 
0.233047683526228 
-1.53871783236743 
2.97412606133226 
3.36843658169956 
1.65768351627677 
-2.19751366238407 
-0.0705202875171749 
1.41391022132223 
0.692522527906237 
-1.23811542916062 
-0.74324148499741 
-0.874608740472795 
-1.11190825721761 
0.89809003187581 
-0.85398302187499 
0.70150729307261 
0.587357129798268 
1.1115338540338 
1.33043569134265 
-0.509824502868656 
-0.20198364792619 
-0.335284301838281 
-0.168005216961409 
-3.38823784259531 
-0.0633917138938958 
-1.22080475593829 
1.43909936431298 
1.88782089151469 
-1.40465033646407 
0.650661716438066 
1.96989245287688 
0.216069559655332 
0.814513750409475 
-0.183856917053546 
-0.543662618329158 
-1.78861786210596 
-1.54512385382322 
-0.732438127898309 
0.775397353524862 
0.921128605951498 
0.731132903119538 
1.50254966967875 
0.56419828643847 
-1.5114786785746 
-1.00601734006942 
0.051609275699256 
1.94873454824475 
-0.906429076995159 
2.0438531474053 
0.104799183355481 
3.99760002895917 
1.36814797033308 
-3.92217421686049 
0.611108790244575 
0.19373283590348 
-1.64411988174124 
-1.03343075114399 
2.73833430873369 
2.67279217805251 
-2.08482223384869 
1.62278874054762 
-0.454261121850399 
0.450046246226224 
0.760471894980354 
-2.04794448917823 
-3.01668706258825 
-3.60118582719299 
1.40622904031868 
1.65579127519034 
0.117057736461011 
-0.823469711653218 
2.70521807048153 
-1.0373076490106 
0.021196536345957 
1.83411414012359 
-0.421339576302332 
-1.48419070024417 
-0.714260786618342 
-1.20871084963107 
2.48180031762935 
-0.0784966435746449 
-0.787421847251027 
1.40968680507692 
0.0659240865459874 
-1.12107163901361 
2.79935768310461 
0.74015330372033 
2.5900242038857 
-1.18577497715289 
-1.56769127288614 
1.46227299235449 
-0.915999076551058 
0.108477805344688 
4.09034459704846 
1.7639844416916 
-0.109874171695826 
3.42579681161719 
-1.08412194045256 
1.60412388112978 
-0.806369913130043 
-0.127068219157879 
-0.525292763339349 
-1.65631856305181 
2.48110047849302 
-2.41867220350153 
0.0550170206601546 
-0.436505540467164 
-1.10929214837342 
-0.527809486528949 
-0.184630684123428 
-1.42965375917551 
0.206203877729068 
-0.243144149903826 
0.917727407826579 
0.511541287596177 
-2.54569062125591 
-1.38633157551614 
3.08544090363359 
2.16445128891952 
-0.821799032494253 
-0.313795106534996 
0.584701242479324 
-0.194674129447221 
-1.15425778636791 
0.0521035026385626 
-0.183001968065811 
-3.21250529898744 
1.37948717810008 
-1.06402141108594 
-1.1838576223019 
3.11028218680942 
-0.610029026709697 
0.965638011642687 
-0.0160956206482444 
1.05026112708862 
-3.8602178831928 
1.35852735140908 
1.22689549131989 
-1.81056199537938 
1.75004623436753 
-2.09895378888495 
1.38619363636231 
0.552245008993949 
2.48466585386018 
-3.40980229397709 
0.256501653160092 
-2.57666927093636 
0.315380615321562 
0.510565297303521 
-0.520222056696848 
-1.5592247563305 
1.17090873226544 
1.12551527724073 
-2.24767502988916 
-0.12158637255431 
-1.25426985938632 
-2.30831005411761 
0.64418095180446 
-0.98395200641206 
1.01005170715173 
0.934936196841352 
-1.1477984656032 
3.12698646042361 
-0.296458270690647 
-1.56095995958412 
-1.046034133192 
-0.237152592187103 
-1.08375982041104 
-1.77849188381222 
-1.47604838875382 
-1.2303067333886 
-1.45422966434019 
0.633054336145155 
-0.344397303260339 
-3.77573314714651 
-0.0767220974519186 
-0.453116254698479 
-1.54195627128824 
-1.89424453855852 
-0.770303721241103 
-0.710226227754728 
-0.0185709110899412 
-0.994342449360962 
0.606407645006193 
-2.83706257150464 
0.375783645115173 
0.848616304345307 
1.57981002021934 
-1.39117887633143 
0.328020208354352 
-1.31096013014424 
0.5266337560037 
1.31695496699849 
-3.27068656030869 
2.3480463719059 
0.600112291852955 
-0.191535758123824 
-2.98723264880257 
-0.109647811012281 
1.7339643667841 
-0.172283806329585 
-2.72083691945264 
0.192801879331659 
-2.84907914866282 
0.277081345747888 
0.695383801638489 
-0.935674452148438 
0.210351807770495 
-2.91932975894693 
-0.504726916455544 
0.959342903161954 
-0.811300172417301 
1.81765808155118 
-0.088644210216822 
1.23523053930426 
-2.90640447781678 
-3.43391883860534 
-0.419618468253426 
-0.0105306230033226 
-0.104298881150469 
-0.116842244413593 
-2.07512378351556 
-1.74352873007834 
1.38055965316983 
-2.86890453987815 
-1.12376208367473 
1.16451981547583 
-0.518558988723044 
2.92257720816596 
-0.61361792453679 
-1.35695942287973 
2.67178945899737 
-1.21534464626806 
-2.91021930867202 
0.484947285992045 
1.58965155506062 
-1.65697054685822 
-1.52735920494995 
-1.57790974612095 
-2.4164713839596 
-2.16845705142429 
-1.10735776332145 
-0.774122802282554 
-0.792696195759682 
-0.382757288083623 
1.16389953658966 
-0.771145011447903 
0.93939504907769 
0.605511076944871 
0.706693937743684 
0.344765413699097 
0.822123598244189 
0.752531436331593 
1.45906369184976 
0.514780514785855 
-0.558189131965861 
-0.334618586447886 
-0.772307416726097 
-1.24281437017795 
1.33464655028931 
1.0955534161139 
1.94123938898859 
-0.540609347056239 
-0.462204793025579 
-0.766252355767256 
0.786964622112921 
0.731473237794093 
-0.529076750474704 
1.87266180967316 
0.777208343530598 
0.339408137252469 
-0.246596628433738 
-1.38814215353697 
-1.50210358346278 
0.0252892122219345 
-1.75261190904028 
-1.0956156647694 
-0.53679214397084 
-2.62039652624468 
0.621499508586243 
-1.00659645996406 
-0.963998678689803 
-0.803781052663634 
-1.41677985773113 
0.805118423481907 
-1.93936465547091 
1.37155126001014 
0.303717388576335 
1.61833908705368 
0.402083250736235 
-0.435925316560264 
0.921532117093135 
1.95212440312466 
0.537596106166139 
1.50665583804774 
0.285499836981254 
-0.183571304929452 
-1.42067173313298 
1.36383985554128 
-0.638950086996491 
-0.930547903674461 
-0.515296184087646 
-0.987736965856373 
-0.323331031368689 
-0.936845958926984 
-0.525982436785928 
0.161697811821075 
-1.23753248264437 
-0.220651563647893 
1.67575279566232 
0.403097190057497 
0.966030014632691 
1.94577627343731 
-0.118242957231687 
-1.86347263613726 
-0.0768129501949995 
0.369652566642319 
-1.22248465243862 
-0.664407306512889 
1.86769658622028 
0.4314868716838 
-0.210882927591031 
2.99680566212401 
-2.44524660939752 
-1.29951420573507 
0.0489764685963265 
-0.0765626353234155 
-1.05617852790792 
0.162603783260781 
-2.32164433593175 
2.54344231713986 
0.379586117778014 
-1.75551117453697 
-0.354283137769942 
-0.679548842702672 
1.00085875625165 
1.55185834653993 
-1.38680128955227 
1.18753758281267 
-2.90200821679112 
0.207512057593871 
0.722501907366164 
2.48219573503237 
0.647926298176642 
0.320104133600397 
-1.80603172723025 
0.636204426778576 
0.948569397708578 
0.933838333929875 
-3.11458370660543 
0.0980018814809541 
-0.890628719521587 
-1.90861763088986 
1.41820308409441 
1.01607925886921 
0.650710727679071 
-0.229357236885362 
0.416798801829989 
-0.275643287596615 
1.05246678343405 
1.09223720598207 
1.98945376665262 
-2.5009502760896 
-0.980899274691875 
1.41544144896867 
-0.835576554049522 
0.93569362366108 
-0.619331053222817 
-1.94486254292997 
0.709952593596815 
-0.512341401921164 
-0.818686218776727 
0.866265060882428 
1.92402111335194 
0.270501133215619 
3.0857399079269 
0.934358403172512 
0.0740559882572955 
1.12617321474619 
1.75200759112028 
-0.170790818578671 
0.667404054523738 
0.500640497577856 
-0.293844852339156 
1.30643526836117 
-0.531879332921826 
-2.61842694466774 
0.881368479250731 
0.206333018251956 
-0.0186405552969022 
0.986475621646789 
1.44199151103792 
-0.300565927929701 
0.0226540829324789 
1.63006157625468 
-1.49282022209695 
1.81092752594137 
1.16477199243582 
0.823823509528382 
1.02301917815423 
-2.43245706770644 
1.30997169252229 
1.34823505331567 
0.885305237066988 
-1.50424542614741 
-2.53789975273637 
0.687060249101135 
-0.420007099786533 
0.953175010493993 
-1.04635404451755 
-0.252437614750991 
1.40077770388762 
-1.53797875353827 
1.24637239776246 
2.13617052632627 
-1.55873138471722 
1.93670122597924 
-2.09976839651658 
-0.19800801206162 
-2.71162713663214 
-0.249602930418863 
-0.191649611434472 
-2.17239210971264 
-0.299536289257197 
-1.66750138934903 
1.85715731745338 
-1.52857027295744 
2.39618294384647 
0.657653955396855 
0.866712066342288 
2.42446522644353 
2.01516103537433 
-0.220159768145139 
-0.436775225418274 
-3.14430176419494 
-1.60426162261978 
0.985480923029417 
0.985200923494082 
1.8240802972357 
0.727324152660303 
-0.509674013546768 
-0.334097485041934 
1.49908212680304 
2.64490212000283 
1.53930714735262 
1.5129772012973 
-0.0464063780947475 
-1.84789949309706 
0.906215702187964 
0.177466235864416 
-1.57452660190126 
-1.90913628275745 
-0.974239296663248 
-1.04548776114765 
-2.15416793639535 
-1.36046167932675 
-3.02342604187519 
2.30403890306741 
-0.959477250274728 
3.36450453648871 
2.5273104787932 
1.31015108712143 
1.37902636290493 
-0.128075326745294 
-2.27889017260321 
-0.995713815468791 
-1.70528625911664 
1.55465012161916 
1.91748188979773 
-0.778930402861235 
-0.966035459874856 
0.447775985784348 
1.2554953621812 
0.627900434313429 
0.987960315831168 
0.747076699490936 
-1.36674460934697 
-0.0951117106776791 
-0.706838072326492 
-1.85455506205471 
3.28209872205643 
0.426456100483965 
-0.00626118092557354 
1.97158216597829 
0.94380210971646 
0.72227673984405 
-0.843471338319669 
-1.06634967188165 
-0.191406985752646 
2.34324009930888 
1.676845486444 
2.67383924879038 
-1.20874066954657 
-0.339288058382599 
-0.794946284294354 
0.0336896566119028 
0.894413913788847 
-0.628161300924041 
-0.772437999592273 
0.271447959738704 
-1.24304184362781 
-0.327287322690031 
-1.4068241218877 
1.10181490279349 
0.238566368095804 
-0.0969988301582991 
0.118524613973722 
1.26275851288127 
-0.520894952289265 
-1.0562674516387 
-0.521794247001469 
-2.17823089754772 
-0.336169141937599 
2.27724807861516 
0.216842614207537 
0.421710688034352 
1.74031890000959 
-0.881184184735186 
-1.39498786850986 
-1.15763806512927 
-1.71191841011257 
0.274645014405071 
-0.967832628448288 
0.247294870309985 
-0.0106158604894393 
0.696978817998097 
-0.320252027171293 
0.935740301839761 
-0.274745999141914 
-0.213257112480075 
0.319332662870408 
0.0967775785611068 
0.682056673676629 
1.14761115848021 
1.69417562681526 
0.53727453339055 
0.399371148493512 
1.52468827451058 
0.55038520619128 
-0.474742646152975 
-1.861510518499 
-0.22805494150706 
0.836134822489672 
0.920845751509717 
1.41554889254197 
-1.01565800340575 
1.67974180907805 
1.39112203336219 
-1.05260132513956 
-1.39917512620242 
0.648196109742768 
-0.580168900575046 
1.47873255324691 
-1.30342887021739 
-0.185382328364011 
1.57667344939035 
0.200252725951912 
1.94558832740082 
0.332037893554551 
-1.59951399127635 
0.706486704120389 
-1.75400970534312 
-2.04118419127111 
-1.23648193149472 
0.967440628575964 
-1.35753181498916 
-2.36442562021798 
0.2466678461848 
0.535032075202106 
1.02239979929383 
1.83272788942525 
-0.963378716947968 
0.789034431845384 
-1.38681481210192 
0.582246449682126 
1.83909180826292 
-0.54981108133042 
0.418860403945945 
-1.14620266847618 
-1.02623910455399 
-0.422205332501885 
-0.997767341318731 
1.25354778544925 
2.58898644746566 
3.82185655057544 
-2.03814877113631 
0.749410527089733 
-0.371237308129957 
0.244044904355862 
-1.51401562862895 
-2.47099132672326 
-1.81165229957352 
1.5811143073634 
0.180196831910692 
0.560529583197481 
-1.06088996044232 
0.995634809238287 
0.162017858098715 
-1.05439423447392 
2.47992658677089 
0.532349508322007 
-1.32678885150653 
4.07267288855255 
-1.17330732179257 
3.31026481163241 
-0.303651776361306 
-2.02195308034663 
0.648789515355438 
0.397034394018239 
0.509263226891615 
1.02322132802453 
0.327661671348867 
0.493038014630595 
0.264891016477534 
0.0938054194434325 
0.202016202752399 
1.39110894297185 
1.02365486673299 
-0.129367566651443 
1.3988720314309 
1.86916301065943 
1.40081972795479 
0.953473000974318 
1.12580757833062 
-0.0231306933696221 
1.55159770684618 
-1.43286819725439 
0.501360056582834 
0.903434852195094 
-1.00927387656615 
-0.569195740395368 
-1.44926610531235 
0.61002748229464 
2.02939970980446 
-1.10468642503128 
-1.83202928542975 
-0.641171276507543 
1.23428416537721 
1.66464050148774 
0.603730861143106 
-0.334248752372114 
1.52684303294241 
0.682043368827422 
1.2185114936597 
-1.6365063498912 
-0.904036186646726 
1.9279007538568 
0.156969523085843 
-0.284526769730781 
0.502536196427253 
0.356938449942595 
0.518915704030749 
0.150328074617011 
0.194464079048881 
-1.05246344315142 
-1.61090508102358 
-1.35675057297758 
-1.69611982337755 
-1.51571013739158 
1.93958007592797 
2.43293115056788 
2.07460007346508 
1.05069949077095 
3.81099882212808 
-0.147813067648446 
-1.21733363005299 
0.0767200109829687 
2.63091302492461 
-0.119224471881822 
0.840948714820401 
-1.16681014634709 
-0.325313891475557 
-0.407161923847561 
1.76859477077435 
-0.236405111803606 
-1.70369901704399 
0.261652313640089 
-1.73151703597255 
-1.84468385824635 
0.205790097050375 
-1.97349811778126 
0.249528122293023 
-1.5821580664575 
2.02950584774572 
-1.18923190963704 
0.823468345787379 
0.640297742325225 
-0.052552720681591 
-2.38516004897953 
1.37048848963235 
0.636539798050242 
2.11411005683446 
-1.24319345117711 
0.336433816903372 
-0.069815837948958 
0.0531065737519475 
0.675206280692976 
0.162653258763394 
0.21573099709397 
-0.623372021458057 
0.851419639888336 
-1.55911231442031 
2.07148019212087 
3.1252046798476 
0.409375781521394 
0.110883189923185 
2.19332547733294 
0.668958685347679 
-0.123242229753865 
-1.11166063766652 
1.08240331901957 
1.60495354455591 
-0.7986865854451 
1.56309553517858 
0.527272538911909 
0.445784997167508 
-1.74358864724532 
0.474502947556428 
1.6905082867933 
-0.880910713832783 
-0.714440621667505 
-0.826919322064549 
-0.541167993172801 
2.45900746257214 
-1.26543307245626 
0.15160475083074 
-1.70023824609218 
0.298670261960548 
-1.08469260514624 
-0.198223610158639 
2.56273170388089 
-2.53433707720081 
-1.74351857038064 
0.272644912514236 
-0.30358232133135 
-0.924024779186128 
0.285913099252623 
-0.214260211787181 
-1.0466580690923 
-1.07343662158103 