-1.59160999067358 
0.585072717044012 
-0.409440342031131 
0.851925843070607 
-0.991807298995053 
1.71516143529966 
-0.641308181885625 
-1.2767460702018 
-0.911254753591398 
-2.38742148769924 
-1.70838537596334 
-1.43893890202527 
0.782471397394867 
-3.41950893425082 
-0.763510410438737 
-0.820889821947264 
1.51993438350391 
2.23381677459513 
0.788159874579705 
1.55488407933689 
-0.256660548191724 
-2.53641608604773 
0.895957760787814 
0.165464402083437 
1.91062341764935 
0.120181526697327 
-2.14718600944268 
0.0902373123546613 
-0.727202364030738 
-0.889939837641717 
1.48721123595375 
-0.788258326744035 
-0.56182196082015 
-0.791555410807506 
2.04414158781717 
0.626697072829158 
-0.712418220583228 
-2.01814769576983 
0.748302356272061 
1.79323887911196 
-0.0880153437290201 
-0.0121671544772055 
-0.694495082850136 
0.182622734566078 
0.453142988084462 
0.0570219827219215 
1.25647019876605 
0.700351075613474 
2.11644710527086 
0.826635619375796 
-0.53362985138582 
0.66501209280254 
-0.247689668272283 
-0.345991239559112 
-0.869496729358922 
0.989345266152851 
0.732418273077933 
-1.32891121188291 
-0.848330360949376 
0.370251784364481 
3.49365388029627 
-1.12696389411294 
1.51189825993267 
0.0584392545757373 
-0.77323993810321 
-0.787840391428551 
-3.52886047170245 
-0.00602620549293276 
-1.47167292894574 
0.609442662873193 
-1.3620710236451 
-3.86883759825625 
-0.570411747098351 
-0.840260846027883 
0.251648697554246 
-1.51692146622313 
-2.24868404029911 
0.861535499628718 
-0.90009365537258 
-1.08608147918857 
-2.17651048379147 
1.19621139991499 
2.62850353057568 
0.511030654126215 
-0.136178772308896 
-0.621455940031332 
-1.79495355966176 
-1.06226327018403 
-0.664370872849893 
0.449415349702412 
0.439711845068993 
-0.169585607256486 
-0.539298727373706 
-0.507541897556595 
1.16272065644343 
-2.42417704849984 
2.19874605967521 
0.333755138121586 
-1.21329517903905 
-2.12301284525438 
-0.596867202849184 
0.779109258878728 
-1.12856469197029 
-0.702028643142584 
0.0880247534467493 
0.561338693840272 
-0.0225907806280192 
-2.35431297119737 
-0.758279242887994 
-1.12350341020575 
1.90482265872794 
0.335819823020015 
1.95339855091482 
-0.216760580508356 
3.49523226347495 
-1.59394962816735 
-2.75935632663003 
1.55402669629063 
1.18990229660016 
-0.335881013537455 
0.144533894206932 
-0.919898899820592 
-1.03779748912716 
2.12480973905127 
0.611643506115245 
-0.223482175667274 
2.05314621464325 
-2.58022345891499 
4.21610237544485 
1.08809510531553 
0.69793772950071 
3.35738548682977 
-0.9226788277674 
2.0697172542261 
2.24857072792626 
0.469398905615469 
0.226395578816092 
-0.997851413618399 
-0.292181291465466 
-0.251395469085964 
0.718674158196281 
-1.93004571553532 
-0.0301025519159428 
0.358373750509808 
-2.56520372554289 
-0.818788779564304 
-1.65014534341401 
-1.31334969246245 
0.862737679018376 
-0.0747759644635072 
0.755246208832842 
-0.85185656153734 
-1.6540098904658 
0.736298047805988 
0.0977817024248055 
-1.58357488367529 
0.157454959654073 
0.6377061022041 
-2.37859642449068 
0.481056861187265 
-0.564889070085758 
1.07709260405797 
-1.28618086445637 
0.388459508107261 
0.350355884305237 
0.385748034640727 
0.210823104620978 
-0.583262082934065 
1.32460855190624 
2.85432646860003 
0.922298817191069 
1.34837345424612 
0.513483784079327 
1.1662398237302 
-0.238410606677008 
0.97494426101311 
0.11945017408464 
-2.55383709309077 
2.81381770271649 
-0.331599165400639 
-1.63059143013718 
-0.141380221711981 
0.677199702124448 
-0.0689050577287644 
0.619499919929883 
-0.144061121329291 
1.15349711828296 
1.05507245450027 
0.486276680081664 
0.633126163952632 
-1.05651440683029 
-0.833017378800297 
0.781739926369586 
-0.55543127368779 
2.28498974467597 
-0.266769157410119 
-1.81377652865586 
0.87995592699811 
0.822896217131057 
-0.504166778378521 
0.841048806023861 
0.00919948950489519 
-0.509245447578773 
0.593705762290924 
1.91695693979868 
1.06331127286009 
0.47873508996573 
-3.69608526336366 
0.847361793438766 
-1.93156602207425 
-2.11276828031658 
-0.245961274331493 
0.221354003812511 
0.714615997098774 
-2.2030982215115 
1.64958457040836 
-2.88427378898816 
-0.572614363892155 
1.14945514313052 
-0.967175211048956 
0.902900055207191 
0.893555599806412 
-0.770072732057063 
-0.529097040693361 
-0.923988863518218 
0.219938437487224 
-0.891052511052063 
4.04300207549963 
-1.12518850708277 
-2.12973088448012 
-0.423592816636975 
-2.35989512988348 
1.171026417514 
2.39602383072071 
-0.0455660378261486 
-1.89304602305508 
-3.16050997302634 
-0.75216450802909 
0.901528350975988 
1.15831039533936 
-0.935143501238658 
3.79941629614252 
-0.315013593828948 
2.00599474496534 
-0.426362987305 
0.434131355273511 
-1.49860159110646 
0.624901906199067 
-0.694440180935234 
1.27364831048813 
-0.893512962683972 
-1.35668244450894 
0.389686216851863 
-0.950678013179832 
0.521586235754608 
1.4487326294475 
0.0598861496354119 
0.897248001941838 
1.04191096846906 
-0.27325539121276 
-0.443266641479399 
2.08214880387437 
-0.0696293807203106 
0.041820672371369 
0.258236663137133 
0.181628820346052 
1.21087430092313 
0.198971124473515 
-1.74315618177453 
0.429643052270172 
-0.0417199725615423 
0.688106332896928 
0.159061107355221 
1.04027366350362 
1.9314636358156 
2.25139756364649 
2.05744588293125 
-1.57670796753109 
0.351444362828607 
0.134771138585739 
1.1072576360709 
-0.974024736042374 
3.66591822355617 
-1.18470214138011 
-0.122427782288984 
1.08716910755109 
-1.5610274453784 
0.337855124591156 
1.4960942924311 
1.62421077034002 
-0.0228699195925468 
-1.05291843299639 
1.32723194388949 
2.58217223524486 
-0.0471726494238719 
-0.0744233050228485 
2.38576091632717 
1.62409525293716 
1.39821828481033 
2.22953993634542 
-0.492699139600393 
1.23352976553097 
0.372169601533593 
-2.24332000985409 
-2.6098195544589 
-1.5990080063767 
2.89687880932741 
-2.09833771877351 
-0.299550593591953 
2.61236447559705 
0.703246734544247 
0.522973890335797 
-1.38403842217191 
0.0366602862673919 
-3.27402721804917 
2.19860397260938 
-0.0567453858314841 
-0.345187256037436 
-2.63612725454867 
0.910081056271116 
1.04725059112809 
1.17525930481407 
0.558374578325984 
-0.0129982673768032 
-1.13841305214641 
0.937965747568942 
0.420732680266116 
-1.98520503361589 
1.06019221921072 
-0.987517059465072 
-1.006278577157 
1.54337126860262 
-0.677870912029348 
-0.635170450975899 
1.36884103334042 
1.26433851975342 
-0.972106785045824 
-1.21584046364123 
-1.06097758994702 
0.0876975568608565 
1.99240016152082 
2.44234350001308 
-0.285555936668361 
0.552608204909745 
4.1135292595907 
2.51215682794181 
-0.0931132510014561 
0.658611300431784 
-1.0974356449581 
0.186426352294914 
-1.43047567618736 
-0.0154452743301966 
0.103381710091833 
-1.58327562391259 
2.45219945459198 
0.233901923644555 
-0.160408924464041 
0.000749844898834562 
0.20793511228716 
0.0791837218441168 
-1.57374900547493 
-0.0241539823487729 
-0.732353843836469 
-3.50405310237928 
-0.989864259267083 
0.995508506997844 
0.34149834543086 
0.269682835037447 
-0.633847702221009 
-1.45864029168145 
-1.28276591819902 
0.363556910403704 
-0.39749778147607 
2.56309705097839 
0.489889935577038 
-1.67585145565646 
-2.65146498241311 
0.761465285428722 
-2.36215947472584 
-1.01238007335458 
2.13805272999275 
1.59165014368847 
0.670738143647609 
1.20730120661815 
-1.7529157738826 
-0.643818567855605 
1.37818390258751 
1.30786483375364 
1.24829830472352 
0.169292583135408 
2.07078830125027 
0.655709693374732 
0.384944151428033 
-1.67956957615197 
1.64566924185659 
0.0190836864924487 
-0.416387162146566 
-2.46385150973595 
1.29192046514236 
-0.213700067487797 
1.79490192679479 
2.43809449676009 
0.793187802067472 
0.685365948256003 
-0.507038607680488 
-3.25534495978601 
1.13862343296684 
-0.345998837736069 
0.288043403534305 
1.80231668552196 
-0.980677779234185 
0.910180637355375 
-2.92084430204791 
-0.720976387955604 
0.526973911054675 
1.58663090826773 
1.34723627891994 
-2.83642768064627 
1.87489550890119 
0.447232568849172 
-0.270937938039628 
0.348353592645011 
-2.00697402835283 
-2.46986979061846 
-0.477973165163938 
-1.58817278335304 
0.996696063874382 
2.30215053696517 
0.908100759584949 
-1.27566751674345 
3.05003804275661 
1.05409008631511 
0.452658133797745 
-2.24876924613753 
2.5421942183212 
-0.700222815859157 
-0.836142951922017 
-0.205425051819338 
2.44548671393064 
-0.797035896242196 
-1.05092636242601 
-0.581188546594264 
-2.70788777716974 
0.642387407512915 
-1.3963992422946 
-0.315379618676695 
-0.809150557478569 
-0.0535967427226873 
1.48141951287301 
1.54649015362507 
-1.92414888936338 
0.329321134396083 
1.45978272870014 
2.5341634160991 
-0.573084105757057 
0.136303377711308 
1.39730652436558 
1.44687568044215 
-5.37043715290972 
-0.931537540282372 
-0.479598022025661 
1.59518724725239 
-0.853655292513635 
3.92468865933129 
-0.623139827726452 
-1.37636954719455 
-0.118114479571275 
1.16367613947644 
0.71897755319096 
-3.25707742677258 
0.122221298308734 
-1.01340849203145 
-0.0103421601316736 
1.92728233065291 
0.976562259261933 
-0.126944886652489 
2.13708966253008 
-0.410021866315705 
-0.15374406155498 
-3.40445499941087 
0.674558915966067 
-0.696629532472221 
2.27967758077608 
-1.62517960953101 
0.144503693382402 
0.441984392865808 
2.51376316437443 
-0.765064664765227 
0.805773435998975 
-0.881486795226868 
-0.727383379698175 
-0.786673566199033 
-2.20075244472539 
-0.63376248323107 
-2.64753833708635 
-0.270059644443411 
-2.33433745904159 
0.00968742118812404 
-0.207262240890834 
2.55064994840098 
-0.754110071744282 
0.971818790788829 
0.366255851450114 
-0.0544109100523051 
1.16168195329693 
0.638790092582954 
-1.26977914680353 
0.604337145038069 
-0.173314409140995 
-2.05666158424857 
0.44769169544969 
-0.0473260931713932 
-2.77786708026583 
-2.21782878477464 
0.203300507049876 
-0.722646692996625 
-0.0677631119967072 
0.442421462544288 
-1.13471255610406 
1.26588857339746 
-1.0429912651226 
0.582128197904429 
0.104945198472738 
0.266912179697216 
0.758819445671502 
2.14401065704335 
-0.145682939900803 
-0.607830568075087 
0.0446746632191098 
0.460853395500498 
-0.0272046681709999 
0.331994074197406 
1.61002553255788 
0.0722010565855127 
0.386932406230824 
-2.06175512123781 
-0.804585856539672 
-0.631826050913851 
-2.52583627940762 
1.19061109992174 
-0.984697527045764 
1.31058616319521 
-1.86801171404403 
-0.212345112046894 
1.93985082829121 
-0.29711816962333 
-2.13695939451786 
0.881298086165158 
-1.57108685424858 
2.29762056588741 
-0.146320256256987 
2.27769852982739 
0.632508303760502 
-0.0521540108246474 
-1.08525865913776 
1.84528050354466 
-0.290217676815274 
-5.1299927116602 
2.22299589473067 
1.28779781830254 
-2.78333530417477 
-1.35981595828022 
1.9562555196475 
-1.38700625033806 
0.20881641260957 
-0.516921245564307 
-0.521739835138546 
1.2123337756579 
0.900386147040856 
0.716830680362264 
1.72446668946519 
0.83668922509183 
-1.94627438000797 
-3.72369415632041 
-0.798019352588387 
0.0601383677799359 
1.05161928542409 
-0.833045742966271 
0.170120614909061 
0.759514781586534 
-0.601937853251887 
0.417917653806501 
0.189249673153431 
0.36750542594031 
0.233706122077126 
-0.378329247556001 
-0.286937154688193 
1.24985285260541 
2.43482633655208 
1.86191663035311 
-1.0747622451634 
-0.687104955270514 
0.0965671649853495 
-0.180370914533276 
0.356022360053981 
-0.994914421544767 
0.805086831791137 
1.94444491095247 
2.40263084804314 
-1.58114123941697 
-0.787249161360163 
1.04094784100467 
-0.328767619242753 
1.65168367937426 
-1.21164293264941 
-3.1043328277056 
0.372715825385436 
4.2013554260419 
-0.276558949859531 
1.71496640482796 
2.09894672450091 
-1.2979372601453 
-1.15429132494898 
-0.666906431673088 
-0.51866382568546 
1.01944407377168 
-1.39347090441494 
-2.40484371284137 
0.981545544228327 
0.756210177132783 
1.42957353419002 
1.42703487396698 
-0.709436216303325 
0.397721942282214 
2.54269480556611 
-0.997519465701745 
-1.68323798700017 
-0.410211430648137 
-0.668339151852485 
0.254888052869313 
1.99441313890238 
-1.92474801900006 
-0.476057887098697 
-3.05307738580718 
-1.9514289445905 
-0.674350208929645 
-0.893204127783546 
-4.02146016685651 
-0.204340880524007 
0.743600415209172 
-1.41226879943974 
-0.900617715262675 
1.22039546581399 
-1.78121799837248 
0.799179991631426 
-0.084939805759666 
-0.635287501354752 
0.407087030168764 
0.0855050461157528 
-0.982667939706463 
0.158634865240285 
2.56048806436779 
0.576928364889827 
0.751921791164887 
-0.29626761028268 
-1.20119498422667 
-0.888399970550613 
1.14567282170992 
-0.627263905798516 
0.393429518189303 
-1.730006959968 
-1.91569360245706 
-1.05121578985252 
-0.852986183466577 
-0.523980584232259 
-0.530949641072699 
0.870853285949176 
-1.93436215650928 
-0.75634703235563 
0.624423543734009 
-0.481647670594684 
2.26683591596192 
-2.01561758001335 
-1.81194402191875 
0.807756205228951 
-2.50655530931433 
-0.883099866815517 
-1.20840899109784 
3.25203125806852 
-0.792817941632547 
0.56364805871119 
-3.17301651539331 
0.310085317370028 
-0.816182508785607 
0.260026001724615 
-1.22652291886452 
-1.24702271156975 
0.466397087546983 
-1.61437168459915 
1.77264292022116 
-0.504684257508307 
0.516305969315407 
1.21517305346394 
0.262542128826599 
2.29623037344602 
1.14243065707055 
1.27692551714703 
-0.738175625576084 
-0.303444451242745 
-1.0764941662562 
-0.593146320759416 
-0.657084564529965 
-0.954229960366229 
0.919876437036955 
1.89219724602339 
-0.873200934840228 
1.1905665894354 
1.35687544476764 
-2.49481972816269 
-0.0274991983390089 
2.58664821340203 
0.965172343255447 
2.22901065382334 
0.609616264258737 
2.22380256126965 
-0.338211750789156 
-0.852901807321029 
-2.31146628885888 
-2.32789969169474 
0.993400955370277 
0.808172096487308 
-0.690668005890616 
-2.99781931748744 
0.290319652695515 
0.836721087856529 
0.747416725821698 
-0.782423546150104 
-0.226367552804626 
2.44737285495585 
-0.0252534655858829 
0.797306930557022 
-1.29962949143403 
-1.14334511849035 
1.63983893735686 
-0.975018552042069 
1.42086340589664 
1.87114564410978 
-0.209875599240575 
1.09753705128384 
-0.333929664905575 
-0.0682746336193217 
0.101252196899949 
1.86171430965112 
1.25448842833781 
-1.7137351120546 
1.35276264391922 
-0.951384670294406 
2.07821851067935 
1.19237030093975 
-0.753084990089735 
0.385836322433326 
-0.206586449971055 
0.463408303937314 
-2.69956011172037 
1.41764001092627 
-0.314213747166161 
-1.95373197914993 
2.83410213144154 
-2.46277613706484 
2.20118566197403 
0.332476362997073 
-1.23386576345519 
-0.76713842975116 
0.153908118495684 
-0.469850348539504 
-1.21888354618319 
0.69277115655353 
-1.1379824923039 
-2.1454892793103 
-0.781345793538479 
2.67081028011542 
0.560222409650803 
2.76174686486529 
0.328226447665862 
-0.0283291004408495 
-0.98304597733419 
-0.14172293416096 
-1.01435810515721 
0.650557265443767 
2.07075370362186 
0.235152708573373 
-1.4071193042086 
-2.83538824777021 
1.5134854184521 
2.07642088203128 
-1.68456748686405 
3.18982812165578 
2.48381372639796 
0.0284202739402726 
-2.68636213912131 
2.73827298774599 
-1.97783151799699 
-0.828409806766196 
-0.537194776467803 
2.10687411771856 
0.99695232976153 
0.874671846728039 
1.2215136096034 
0.156527642936585 
-1.3958521152601 
-0.47891095981904 
0.98908731380788 
-1.62829029519968 
-0.315876496266535 
-1.17822186483556 
0.139958717683088 
0.0273246744505365 
-0.0398209988113063 
-0.689337940401222 
-0.998622230873858 
-1.68425228576805 
-1.63016843718756 
0.223603094856302 
-0.864615995488144 
-2.18488299594678 
-2.05353366969528 
-2.19140206327332 
-0.527382990485259 
0.0262716537178654 
-0.672065526922857 
-0.682074188070346 
-1.49238734218155 
0.130224987544884 
1.44086846080828 
0.41439758409644 
1.17425432342007 
-1.02235553232789 
1.62700415217669 
3.34309835080535 
-1.38501929713699 
-1.3282468178734 
0.255612792606563 
-0.297530243595364 
0.855846174244583 
-0.564711805303841 
-1.13757959625298 
-1.23223200399526 
-0.408816806397415 
2.43686304448179 
-0.90124066970147 
-0.00704194302863548 
-0.631817544007276 
-1.68592177696138 
-0.824489818030978 
0.666573876299113 
-3.9727986418023 
0.462338259936593 
1.00930135602157 
0.160346482589351 
-0.444216603845053 
-1.15833704980862 
0.0190666414335354 
0.486069041335004 
1.2880954083192 
1.35331419982642 
0.900601604936039 
-1.05041872035616 
-0.287322025576384 
2.87249901931333 
0.445620767172516 
0.569930678274536 
-0.220450361421518 
0.629855759427711 
-1.02352268874406 
-1.19061458512962 
1.6383317242808 
2.23624099376404 
-1.14060485349146 
1.56000941183855 
0.371607308733258 
0.791096762981105 
0.506190564524886 
1.88144987392013 
-0.619244117919918 
0.899426597472004 
0.629309069932286 
0.442417622299566 
1.68895990809827 
-3.18724617855798 
-0.616957582787166 
-0.848649585318532 
0.317273776593179 
-1.5048716605724 
-0.831372957060565 
-1.64734753524488 
-3.81634304318916 
3.56991163535174 
-0.579801914015275 
-1.41896210237283 
1.6890757280227 
1.1170653984829 
-0.286183422536979 
0.316900564481185 
1.6541406061863 
0.566691460913809 
1.52387787869054 
-0.36767360728017 
-0.787989735285706 
0.0788718035297616 
-0.268840938426078 
0.49591790790909 
-1.2801657298071 
-0.38266129958185 
0.400422704419555 
1.6145403588201 
-0.283308533985647 
-0.0608028751993521 
-1.1525355026723 
0.468996240077763 
0.505115319086489 
-1.31618168742743 
-1.32182278851009 
-1.11611730436862 
-1.084577300018 
-0.469310835638385 
0.46244859602554 
1.43930467804882 
0.636132510129102 
0.387408555018084 
-1.28682580283008 
-0.837822430608256 
0.974192794270471 
-1.32483865036484 
0.182713551421436 
-0.123696812655431 
-1.37915218216653 
1.37656977280219 
1.77662958383419 
1.87739682427097 
-0.777853293418994 
-0.387583756318046 
1.63772285519385 
-1.01957804083092 
1.11254128956426 
0.358144034213439 
0.263571744278331 
-0.398163132486369 
0.129412667380652 
-2.21912662346162 
-2.05407281001908 
-0.865324973824684 
0.381879696382653 
0.649386607784127 
-2.08746276898258 
-2.40944426958899 
-2.1440348283048 
0.171803717408097 
-0.314024567585063 
-0.220670870595702 
0.636755772411099 
-0.377164392403321 
1.19679718591461 
-2.6886497153911 
-1.35807005554599 
-1.01194341637308 
0.617074686854725 
0.88317885802268 
-0.0886412045856879 
0.861679702562168 
2.23070395931871 
-0.881736226577918 
-0.381374330887928 
-0.588726666615844 
-0.944626630486882 
0.0428233496237461 
-0.375477062125228 
-0.32449147655664 
-0.273299265645984 
0.945048544147289 
-0.925667021592144 
-0.693732371842786 
1.40088098214739 
-0.487260574056223 
0.657431961033755 
1.38653179180382 
1.12020105428591 
-0.79430359970019 
-3.27597224333148 
0.706113012930282 
1.18922752292569 
-0.330860675203653 
-0.799774140826544 
-1.59272794450256 
-0.312401160944782 
-2.23257361812848 
-0.0808879553565215 
2.33948232644677 
1.77943094601256 
0.964241725470605 
1.6580733282522 
1.12274461490931 
0.910292817713532 
2.29562402937511 
-1.23835008656953 
-0.906045489598432 
0.564147682241192 
-0.748977506369492 
-0.683354730093859 
0.271464364382997 
0.563554533621367 