-0.772201778310784 
2.26887765934748 
-0.957154801346039 
-0.0441989668523597 
0.41369195642299 
0.840548398912272 
-0.185544520580673 
2.8383230876435 
-0.144558682266291 
0.70008849092494 
1.16662551935668 
-0.803653773218622 
-0.902127031004433 
-0.226251135801694 
0.0590324280294572 
2.9961784143484 
-0.542691972288948 
-0.0213166131211263 
-0.209986749036765 
-0.406005047513236 
-0.169502752295093 
-0.0136707347026181 
1.63526137666095 
-0.747218585238092 
-2.64713597896338 
-0.941319939870063 
-0.148480486247778 
2.17516606647495 
-0.0901193465341795 
-1.82098209258332 
0.483947126559473 
-0.434458566441076 
-0.66623903560045 
0.520602072942208 
0.436091718072606 
-1.08149288538156 
1.52232812795683 
1.48859802322036 
-2.14184856107425 
1.23203057073397 
-0.0432552290018969 
-1.25515818278667 
0.503929515501775 
1.18023566520394 
-1.34528179910049 
1.45707307055797 
-0.6054856682527 
-0.00185076355011526 
1.10603984219949 
1.53486521628061 
-0.936085349293962 
-0.348451841281465 
-4.14039452428934 
-0.13401294484162 
0.497688021724709 
1.1983113224124 
-0.0258363794828096 
0.0465982941549389 
-1.98316541774547 
-0.860788088088068 
2.29681019105144 
1.29422300271454 
0.608338166845998 
0.167070279929358 
-0.584790863801275 
-1.0151535985678 
1.80881411709125 
-1.84167327056784 
-2.50058443742189 
-0.754815939017896 
1.38544828850939 
2.27725390208865 
1.29818583664129 
-2.89170883435004 
0.612419194242252 
-1.30931358607689 
1.22056650820108 
-1.07027362530299 
0.966932524399832 
-0.522955785493634 
0.692478120311674 
1.66295260252235 
-0.769968877458244 
0.214886081614232 
0.886636793862199 
-1.19139370495601 
-0.841639282471521 
1.39553249404413 
-1.41526355426588 
-2.69598813491256 
-1.95343466856704 
1.0742368806137 
1.40360486984561 
3.47103329740836 
-0.695238776438177 
1.91440988902382 
0.103790825190336 
1.3042836124174 
0.180743378826879 
-0.822356005826945 
1.07115282403587 
-0.702652229006016 
3.65093970724364 
-1.1353152521692 
1.80519760996127 
-0.213923082209026 
-2.72029751653893 
-0.128506321499884 
-0.865277102989701 
0.868622196118911 
1.2803643232571 
-0.204166366894943 
-0.556250607980206 
0.370119106728401 
-0.3618489110384 
1.70292347540744 
1.20061991318373 
0.0260129054379792 
2.22219089860449 
-2.08203940084517 
-0.706014525640253 
-1.36212557398642 
-1.27372968860382 
2.03479504071967 
0.544515649315117 
-1.20899670213835 
-1.74096165299771 
-1.20641849002773 
0.889255811837478 
-0.925155325092635 
1.13782851014997 
0.585115888867171 
-1.45845324785351 
0.768196339285312 
2.97423515351623 
1.07322389107408 
0.0186525970386251 
-0.3008027421147 
-3.29754106008015 
2.06357873545503 
1.65458632543832 
0.451840071642568 
-1.95318371041197 
0.858731843663741 
1.47697855388576 
1.19569059815986 
-1.72943366156766 
-0.987401139472065 
1.76918545629569 
0.525621095656974 
-0.588639027866155 
-0.639619346848948 
1.12411599241088 
1.59292984014024 
2.77302828524531 
1.74808577123458 
0.0586357716284704 
-0.288172703377351 
-1.33051129717714 
0.466754811303432 
1.5884763475176 
-0.63716698926779 
0.0340284779586322 
1.5798268310136 
-3.03439318522773 
-1.13448436382771 
1.2014826210656 
-1.97553857934135 
-0.682618748897823 
0.368865248129781 
-1.01214247042602 
0.690875958172809 
0.175349088381741 
-1.45911748930537 
-1.04874136368175 
-2.58157407470997 
-0.195046312882907 
-0.0482200319427713 
1.94394927989193 
-0.1636544826751 
0.749984860950357 
-1.35348222175963 
-0.513639039208335 
-0.671409353215811 
1.0543987427921 
-0.00318000977370669 
0.726396220646579 
1.82130321554954 
-2.16207572183855 
1.08880050759207 
2.59113011157307 
-0.348047533750037 
2.28707138650041 
0.564495382251512 
2.26609131075136 
-0.597036748716307 
-0.183266461771189 
-2.88717684895743 
-1.50420919081413 
1.82565890623895 
-0.887551932517925 
1.39201357047815 
-2.94825846213701 
1.16047651156953 
0.684767704451212 
-2.03293347382946 
0.25233162972186 
-2.39499055810882 
0.794896993187067 
-3.46888849178685 
-0.645659180438794 
2.38076895785109 
-0.104215129234271 
0.324574358504714 
2.2374081876533 
-1.06365711799745 
1.33052777694455 
0.749069440222591 
0.385870201210124 
0.920689973892519 
-1.04596344174767 
-1.82361558311505 
1.60400273197219 
2.03350551537705 
0.504024364865539 
-0.612143784183668 
-0.842890955371751 
0.0559680058170088 
1.34202109429713 
0.352985319474592 
-2.7656473680186 
0.0703111782286208 
-0.369340652523214 
-1.44031227224287 
-0.0483116258100293 
0.465813798938229 
-0.787516931880929 
1.30906408459951 
-1.07565184838744 
-0.99529196248013 
1.69325247259451 
0.356676850771976 
1.8398929196457 
-0.329057717223008 
-1.04518438657175 
3.7611350028656 
-0.116917756588902 
0.158338707635535 
-0.31852309008946 
-0.275453538949884 
-1.20197505754627 
-0.510666377394376 
2.02633632986604 
1.06960120052172 
1.18876303475228 
0.0830014764059893 
0.460376815880283 
-0.959133838130916 
-0.19719552645005 
-1.29639403620607 
0.816988998881776 
-0.101202352623673 
2.22677385430101 
-0.219638587648442 
-0.421216976028995 
0.998696710411722 
-0.625245663896563 
0.191546934796743 
-0.283232653366148 
-2.1159400769226 
0.269855355322441 
0.450673777122009 
-0.00889936907355189 
2.37490570321737 
0.693509753895008 
-1.67424343385911 
-0.000255533597079083 
-0.23561175101378 
-1.88995018387033 
-2.24491027148202 
-0.927552673514903 
0.324449651726579 
-2.32199644638287 
-1.74715218730679 
-0.018032751100313 
-0.300578986502357 
2.65769625726062 
-1.03611031753358 
-1.19823919103941 
0.498960126097492 
0.753056907317888 
1.32239531605313 
-0.590748888034111 
-1.26056821128483 
0.475416588529511 
-1.89329564467004 
-0.886182893073503 
0.0263778113430436 
1.64484628778817 
-0.785740508306639 
-2.01698545351244 
-0.0909650720254934 
0.374566543721307 
0.365415046624947 
0.605178086531519 
0.739139935576566 
1.00742170560908 
3.49733131368943 
1.35140818487278 
-0.356741911010074 
0.732126854138701 
-0.277455088334884 
0.280430904909745 
1.31389609669524 
1.43033722017207 
0.488992146998507 
-0.84962413800963 
1.49710395511516 
0.61750857113509 
-1.71761209658164 
-1.08280818698446 
0.580247210403962 
-1.47385878589675 
-0.242348851505949 
2.94297882843826 
1.16261186001555 
0.00447169963040339 
0.853819261901787 
-0.317013291766409 
0.861302710400498 
1.63461122984975 
-0.367727794315707 
0.506613268998465 
-4.1788436927744 
0.596363793296075 
-0.134503310850316 
2.5362827868641 
-0.714934868248605 
4.90122437620767 
-3.10834035657832 
0.713668658028123 
1.79743670185419 
-0.0179442275677242 
1.91423970739317 
0.129195036860656 
-0.678267999283738 
4.27511016300848 
0.155346287286347 
1.53880130407559 
1.37741202543008 
-1.44043865612573 
0.743521417232353 
0.142354571764696 
-1.79605007982246 
0.133221727427117 
0.892838617333588 
-2.58587841007693 
-0.211693343687416 
0.0942123276520961 
0.92391710360412 
0.015686690260524 
-0.0580372607636478 
2.03677104194717 
-0.702818826630949 
-1.86694986904947 
1.37153907258085 
2.32327774774644 
1.37393078936859 
1.02719263886799 
1.83867517075941 
-1.10987300303678 
0.0497834564530859 
-2.74715634552042 
-2.36669022184703 
-0.178110932018242 
-2.79181716125019 
-1.01620075524285 
0.890623351170234 
0.905932215096302 
-0.306677993402942 
-1.34513489772073 
1.62527616344844 
-1.07220687274452 
-1.44270705221547 
1.39143361235346 
1.80701936012645 
-0.052331272024842 
0.079840386016903 
-1.50529803750778 
2.57752013284368 
1.78095511386979 
-0.37103557320916 
-1.89326200020433 
-1.18015873123239 
-0.0391379191206827 
-1.19194690424646 
-0.861871485540918 
-0.853922863954565 
-1.84568597729807 
-0.112058735658451 
1.47678737018229 
0.21622451746391 
-1.62022657525427 
-0.64393115967764 
-1.02871925793858 
-1.82345972034397 
1.50486565063318 
-0.353119148345646 
1.25433502347804 
-2.42340618913897 
1.50734448593539 
-2.58194979570557 
0.232089980908803 
-0.066874495159913 
-1.03825362450401 
1.94597213782769 
-1.11226918506015 
0.780730867520825 
0.188377179781206 
1.64173220989672 
-2.07978645466731 
-0.646654724742204 
-0.406491961292183 
-0.772786973072643 
-0.551101642550088 
0.961892830402407 
-1.52377755915597 
-0.607295182010725 
0.262423393536983 
0.673095497059077 
1.09761610451042 
-1.93391489128354 
3.13383197706335 
2.17722691874215 
0.777981784791955 
-0.00214506352176158 
-0.181801496845373 
2.80128221203194 
-0.330096849454024 
-1.85348816499133 
-0.564209148152112 
-3.43473771554169 
2.63659061698481 
1.4661655113359 
-0.561909753322507 
0.442764542273598 
-0.20712570334505 
1.27263541729336 
-1.07945038197896 
0.836632052000121 
2.01051003205491 
0.794202172766845 
2.52798657371454 
-1.55926824671466 
0.210804552007672 
1.23024579845378 
-1.96958721896817 
-0.450786557309377 
0.831047105532949 
-0.199103232076097 
1.62599850837779 
-0.526418687074735 
0.91219347254001 
2.15036274480888 
0.474586275940669 
0.10039076535272 
0.689852725899211 
1.61954997611098 
-2.52842207617507 
-0.458806952637177 
-0.248972410004918 
-0.477776224749111 
0.579351515339948 
-2.62835820942324 
-0.963168430544656 
-3.77462678028234 
1.18267319486433 
2.60011438588779 
-0.139930505424463 
-1.04724535591373 
-0.998677430273366 
-0.423196822690661 
-0.655262804675303 
0.782491680089345 
-0.0618837113097789 
-1.34836275737574 
0.633339903069369 
0.0618343279320785 
-1.70539911457171 
0.980063813333555 
-1.59779804428998 
1.22948236181475 
-1.22034361871329 
1.06649885097994 
0.220873124078343 
1.69828578819699 
-0.500176812949606 
0.195001566603582 
-1.07370069734742 
0.927409398706744 
-2.53658524744094 
0.850970756959306 
-1.05329775592093 
0.520132498336852 
0.00402733463138258 
1.29265615616212 
0.050931229363273 
0.371910441095767 
-1.34279796673345 
0.601958757837574 
0.989671820906812 
-0.2062481064424 
-1.33183383388897 
-0.132061255323925 
0.464661810902522 
0.784230747257589 
1.65542627111557 
-0.400912918472998 
2.21528826509607 
0.719185951739577 
-1.038241749693 
-0.312394989262595 
-1.27978430190796 
-0.89248058784811 
5.05808448993251 
-0.785432962557713 
-2.34404966982224 
-1.78311586404377 
-0.0206334785259783 
0.461569422301384 
1.84841190276802 
1.19633121902692 
-0.92839204654482 
0.618239502500975 
-1.13642643445474 
0.0362140707554354 
0.0961376495024412 
0.480073839720842 
2.22150769481939 
0.83258989250548 
0.932914062709696 
0.242357030210857 
0.952787342889439 
-0.662335107995218 
0.79271871144438 
0.572679240236354 
-0.43334872755058 
3.00041295572925 
-2.44862138209514 
0.448555999066136 
-0.593375272730104 
-0.267163550202203 
0.553314182616654 
-1.72701735989593 
0.810859492443339 
0.924323382624887 
-0.734480158157224 
-1.05602185261092 
-0.624862050439817 
1.85523484812476 
-0.236021124132053 
1.64778405369299 
0.882186988494307 
-0.393319137009648 
1.80849765239759 
0.359745496561273 
0.59493877341412 
-0.341992887392164 
-1.68470725394838 
-0.187833425797302 
0.238521533812185 
2.41508072973001 
1.5968625323681 
0.412385015194768 
-0.724646836835641 
-0.21704988939909 
2.34197033307155 
-0.732091382532933 
-1.04454139834528 
0.671191177342872 
-3.41400282820283 
1.02615320439957 
0.655616512403105 
-1.0758949700393 
-1.85828629003907 
0.239813574543626 
-0.371475211384571 
-0.166080723100109 
-2.3139322215001 
1.67861949298057 
-0.435736054703766 
1.13250798293522 
-0.640747819440537 
-1.64754968332214 
-2.63551726794859 
-1.13760198408778 
0.423360374788795 
1.45713616525236 
0.230507176013838 
0.0375566800198196 
1.57061193224848 
-1.51143280827657 
2.51822757507019 
1.24746773437506 
-0.470369512387305 
2.24556166626749 
-0.947885830071562 
0.233693383914697 
-2.30558209592972 
-1.19253369014881 
-1.00243988257558 
-2.15382524968847 
0.379875242329173 
-0.886696128862221 
1.52946945214196 
-1.03494942021896 
1.53929320132954 
1.1168542248025 
1.03062544529223 
-1.6287541829879 
-1.20340883314685 
-0.523067523766776 
1.37053180439558 
2.26664841256212 
1.74022350160316 
0.230486820636775 
-0.150555494767258 
-0.271638185795934 
-0.161282467142938 
-0.629176030224041 
-0.870794213920137 
-1.71684736317792 
3.8281116606545 
-0.575035954109863 
0.308881155947233 
1.24479792711476 
0.167084612130934 
1.97551563200072 
-0.594415238443404 
-0.656178552734439 
2.22503982833382 
2.03867894385851 
-0.356279403655006 
-0.00800928451026921 
0.32346762956396 
1.62684799367153 
1.88705206352376 
0.154392402122927 
0.345279828342779 
-1.09480843838126 
-0.0417833703011263 
0.468523676873677 
-0.0803797136316202 
-1.31529790849259 
2.07436643517597 
1.88890586887963 
-0.642339627617787 
2.09518708593103 
-0.348575573057135 
-0.763769821146457 
-3.54179631617815 
1.12806659531676 
-1.67258740634256 
-1.38496116740595 
0.848451999432887 
-1.02868060999141 
0.231598483252746 
0.603555937996341 
-1.65380494563403 
-0.181920310476383 
-1.68990793476462 
-1.01414469526826 
1.19851005670482 
0.337635143340684 
-1.40793201327441 
2.17292924941182 
-0.681705234533805 
0.410470605501344 
-1.7473926523187 
3.36872054550011 
-0.563589107395207 
0.645344861622218 
-0.172922138036179 
-0.149737065304151 
-1.06444658053027 
1.89987019900903 
-0.494429814359096 
1.10286104883988 
3.42770910005657 
0.198349664032545 
0.448751904617028 
1.76996958300427 
2.64926302932268 
-0.453621098268016 
1.95594348631964 
-0.490098097533316 
1.59490364428552 
1.13485985174659 
2.00796661493905 
0.837927979587591 
-2.16279492164656 
0.712959826261984 
0.833030274089182 
-0.865375144029006 
0.606112059371319 
0.634502722441376 
-0.959851463567065 
2.21958850220794 
0.0776013497248007 
-1.01928958138166 
0.458059792970325 
1.04718058935868 
2.80085803555204 
-2.05516883932071 
-0.413501999371458 
-0.00917960909546411 
-0.231803286091212 
2.69046632067381 
-2.41818676240898 
0.660545648452445 
1.06695671012128 
-1.00786926706526 
-0.706898436794486 
2.5423751623152 
-0.67914640169334 
0.389331004258904 
1.74441637171122 
1.02043049039954 
-0.14473724751896 
-0.772469901139284 
2.64881639979787 
0.652738813940076 
0.520249394888276 
-0.0498200936972679 
0.161161881312567 
1.24863477608069 
1.52689938346727 
-0.276372518505403 
0.577938506586988 
3.45200058290784 
1.94419960967901 
0.720992251971344 
-0.62718683918338 
1.62678018939824 
-2.19717082628714 
0.309698396467511 
-1.13969559317168 
-1.19625628690408 
-3.79304356113104 
1.68353374608052 
-2.28327187320817 
-0.22787884443795 
0.322945077343815 
1.07434468117801 
-1.78633446777096 
-0.914901360767845 
-0.146161058322937 
-0.638838096228375 
-2.0803315869542 
1.44984781643343 
-0.549037681897038 
0.476347490858938 
1.44885938702534 
0.506666405988539 
1.8501233492966 
0.219384585042413 
0.357193840374966 
-0.258338959099837 
0.926375933545629 
0.03086229971958 
0.552936205091701 
0.160447794212036 
0.241560732804476 
-1.89937911423873 
2.2365055500304 
0.655462935145073 
0.89698643671649 
-0.419754907135423 
0.585339963788124 
-1.11461422309308 
0.164997889051538 
-0.336828799926362 
0.861727729092143 
-1.7314745773062 
-0.932400397921544 
-2.92407014585805 
-0.189472931035891 
-2.00671722757244 
-0.2516694647794 
2.15125722460584 
0.406578590696706 
-1.09033702521549 
-2.08281077607868 
-1.32130295114756 
-0.976785697420328 
-1.97951759698303 
-2.09274573691331 
0.875856670357301 
-0.430232465034946 
1.91379678942774 
-0.818083471950329 
1.58643541132685 
-2.10275634366796 
-0.00847082082674094 
-1.56294944894294 
0.346693764970419 
1.68515563205532 
0.842428987573388 
0.125079386448298 
0.247073905578273 
-1.35722264044041 
0.787386344665685 
-0.194142773851385 
0.0379905066687564 
-0.185506296435757 
1.78069848831283 
-1.3152761995861 
1.28862388297922 
-0.0985194782906032 
-1.75749521138143 
-0.39300161900592 
-3.46122553762757 
0.715845448887674 
0.58205163716541 
-2.77362602717618 
-0.693564435002798 
0.66109791513435 
-0.833708694647346 
-0.809729314884549 
-0.199505651243912 
0.359830340943684 
1.93514143410444 
-1.02711772669635 
2.14869233580692 
-0.47480967323897 
0.361125908570691 
-0.374060787824344 
-0.164799262182446 
1.32248118515769 
0.900362445185569 
0.645753773557637 
0.248821611670388 
-0.103361582739799 
-0.886654258477398 
1.69494071657573 
-0.957097841665547 
-0.822496187600352 
1.35720613031693 
1.64913772479143 
-1.17604178482464 
0.113620976642363 
-1.01156634031722 
-1.11664994983143 
-3.20611509417719 
2.54456949227108 
-0.294786963596487 
-0.629005320376206 
-0.351328813160785 
0.500628544259581 
0.990920006861 
1.03927661034673 
0.348444604372105 
-0.888189856881547 
0.498184434295648 
-0.737385272184608 
1.47800153772001 
1.34511841830764 
-0.342568034907527 
1.53354422126246 
-0.742291558233136 
-0.216771795468331 
0.407606497186659 
-2.06113276365128 
-1.76840688195118 
-0.614771428426868 
-2.16910208658059 
-1.15632984713521 
0.45646673651083 
0.347767113451385 
-2.62276895850607 
0.581655631666523 
-0.922398796899748 
0.742316576411147 
-0.136507378208428 
-0.800866510925967 
0.605975941775244 
1.60058570399474 
0.0840852509411873 
2.01610651130486 
0.436946046313583 
2.42158489530307 
-2.67503045116785 
0.620083275561866 
-0.0263324765117542 
0.123235934319423 
0.0355695097806419 
1.58792779127686 
-0.262185587536438 
-0.29045086057486 
1.38365647304282 
0.645410415041148 
-0.386754744947316 
-0.192639772736763 
-0.357745615326063 
0.653898756767454 
3.70006711112522 
1.26034793259823 
-0.644270556505912 
0.23995079131358 
-1.34797005304018 
2.71516075666261 
-1.20578790857817 
2.99401966096242 
0.852663356544105 
-0.561640072465658 
-1.78314154073917 
-1.48683065684054 
-1.53941912165932 
-0.86241390065115 
1.39575555877627 
-0.822649066782652 
-0.573705333664802 
1.07470862174351 
0.581881313530989 
-1.55960713195006 
1.54595494820249 
-1.18125104739792 
1.46812414972594 
1.20136787949581 
1.97500005273037 
1.92737073376041 
-3.32997449043845 
-1.26690173154846 
0.921789702074759 
-3.96384805728754 
-2.21823372102909 
-1.08117772537326 
-0.278892766191296 
1.42041448478666 
2.19941554141848 
-0.985357801921565 
0.488317684740757 
1.49391207123224 
-1.49684171212715 
0.194028374364592 
0.216988036501871 
0.00192958936980098 
-1.18720700148633 
2.12796437031699 
1.07300159726148 
1.20627368277188 
-1.39056512610154 
0.733205192415986 
-1.06195728386836 
0.398494364382308 
1.04166929717629 
-0.018354492553336 
-1.61147149841957 
-0.671047134443799 
-1.46772414787877 
1.01061953492547 
-0.104566981856942 
-1.98517467706068 
-1.49325940633504 
0.30625284069302 
0.809081103212305 
1.27510630227543 
0.681350096593498 
-0.320253300713366 
1.76604386357802 
-1.06916741374699 
0.783517790030239 
0.467182821305562 
0.228703632130369 
-2.33270223209921 
1.02077397329035 
0.567351712547408 
-2.52852402510136 
4.2915642170071 
0.397198317699179 
-3.69362518779494 
1.00152015354044 
0.511657833188012 
0.64397637742534 
-1.18694076968254 
-0.687503385577424 
-1.15244311978783 
-1.23417116955863 
-1.01557006541236 
0.324815396134944 
-0.858900951882045 
-0.13203660395945 
1.4301990002905 
-0.1985676771484 
0.724902862065328 
-0.732625131320717 
2.30896048623149 
1.62343617725389 
-0.257659745229311 
2.56485776744231 